1689947249232 0.47029396891593933 0
1689947249281 0.41775980591773987 1
1689947249324 0.36271932721138 2
1689947249370 0.314665824174881 3
1689947249412 0.27942824363708496 4
1689947249460 0.2566530108451843 5
1689947249506 0.24289129674434662 6
1689947249549 0.23460753262043 7
1689947249594 0.2286173403263092 8
1689947249639 0.22491063177585602 9
1689947249684 0.22185051441192627 10
1689947249729 0.21904078125953674 11
1689947249772 0.21672026813030243 12
1689947249818 0.21452482044696808 13
1689947249862 0.2125597894191742 14
1689947249909 0.2106083482503891 15
1689947249951 0.20894433557987213 16
1689947249997 0.20585760474205017 17
1689947250040 0.2041463404893875 18
1689947250085 0.20126670598983765 19
1689947250128 0.1987505853176117 20
1689947250195 0.19648104906082153 21
1689947250243 0.19347675144672394 22
1689947250288 0.19090229272842407 23
1689947250331 0.18741628527641296 24
1689947250374 0.18420732021331787 25
1689947250418 0.18004007637500763 26
1689947250466 0.17720362544059753 27
1689947250510 0.17311811447143555 28
1689947250552 0.17114098370075226 29
1689947250595 0.16794613003730774 30
1689947250639 0.16721878945827484 31
1689947250686 0.16433048248291016 32
1689947250732 0.16295737028121948 33
1689947250782 0.16276885569095612 34
1689947250827 0.1619577407836914 35
1689947250869 0.16074074804782867 36
1689947250911 0.16044458746910095 37
1689947250953 0.1601925641298294 38
1689947250999 0.15982407331466675 39
1689947251041 0.15915001928806305 40
1689947251085 0.15929970145225525 41
1689947251128 0.15830621123313904 42
1689947251168 0.15822558104991913 43
1689947251213 0.15765361487865448 44
1689947251258 0.1574460119009018 45
1689947251302 0.15799733996391296 46
1689947251346 0.15721265971660614 47
1689947251389 0.15703006088733673 48
1689947251433 0.15629109740257263 49
1689947251490 0.15713825821876526 50
1689947251536 0.1567622274160385 51
1689947251579 0.15562647581100464 52
1689947251622 0.15613393485546112 53
1689947251664 0.15601013600826263 54
1689947251709 0.15649785101413727 55
1689947251752 0.15535540878772736 56
1689947251796 0.15573696792125702 57
1689947251842 0.1554824262857437 58
1689947251887 0.15587449073791504 59
1689947251930 0.15658697485923767 60
1689947251972 0.15497912466526031 61
1689947252016 0.15556824207305908 62
1689947252059 0.15443775057792664 63
1689947252103 0.15408407151699066 64
1689947252145 0.15406300127506256 65
1689947252187 0.15431848168373108 66
1689947252232 0.15375477075576782 67
1689947252274 0.15382666885852814 68
1689947252315 0.1535889059305191 69
1689947252359 0.15323320031166077 70
1689947252403 0.15316134691238403 71
1689947252448 0.1529928296804428 72
1689947252493 0.15329021215438843 73
1689947252537 0.15302708745002747 74
1689947252582 0.1525621861219406 75
1689947252626 0.15282626450061798 76
1689947252670 0.1526261866092682 77
1689947252716 0.1531291902065277 78
1689947252759 0.15231847763061523 79
1689947252802 0.1519283950328827 80
1689947252846 0.15225496888160706 81
1689947252886 0.1524442881345749 82
1689947252930 0.15173643827438354 83
1689947252973 0.15175162255764008 84
1689947253016 0.15176333487033844 85
1689947253059 0.15178576111793518 86
1689947253102 0.15127088129520416 87
1689947253147 0.1512788087129593 88
1689947253189 0.15065918862819672 89
1689947253232 0.15078690648078918 90
1689947253275 0.1502097100019455 91
1689947253324 0.15074895322322845 92
1689947253369 0.15067975223064423 93
1689947253413 0.15082389116287231 94
1689947253458 0.1500227451324463 95
1689947253503 0.1493993103504181 96
1689947253547 0.14975322782993317 97
1689947253588 0.1492687463760376 98
1689947253633 0.14940571784973145 99
