1689932856550 0.4779592454433441 0
1689932856588 0.44572827219963074 1
1689932856627 0.40568941831588745 2
1689932856667 0.3570297956466675 3
1689932856704 0.3058663606643677 4
1689932856746 0.2630850374698639 5
1689932856785 0.23509030044078827 6
1689932856825 0.21693368256092072 7
1689932856866 0.2041182518005371 8
1689932856907 0.19508330523967743 9
1689932856950 0.1867590695619583 10
1689932856990 0.18016518652439117 11
1689932857030 0.1745290607213974 12
1689932857068 0.16971252858638763 13
1689932857107 0.165649875998497 14
1689932857147 0.1624768227338791 15
1689932857187 0.15969344973564148 16
1689932857228 0.156995490193367 17
1689932857268 0.1547645628452301 18
1689932857308 0.15275171399116516 19
1689932857349 0.15132847428321838 20
1689932857389 0.14943982660770416 21
1689932857429 0.1478274166584015 22
1689932857469 0.14686451852321625 23
1689932857509 0.14553594589233398 24
1689932857550 0.14426866173744202 25
1689932857588 0.14320127665996552 26
1689932857628 0.14232681691646576 27
1689932857666 0.14143817126750946 28
1689932857706 0.14063489437103271 29
1689932857744 0.13987132906913757 30
1689932857783 0.13907869160175323 31
1689932857821 0.13827790319919586 32
1689932857861 0.13819848001003265 33
1689932857900 0.13699834048748016 34
1689932857942 0.1366448998451233 35
1689932857983 0.13583135604858398 36
1689932858023 0.1352144479751587 37
1689932858062 0.1347014158964157 38
1689932858101 0.13457684218883514 39
1689932858141 0.1335771679878235 40
