1689947351740 0.46241435408592224 0
1689947351786 0.4049530029296875 1
1689947351832 0.34812721610069275 2
1689947351878 0.3027351498603821 3
1689947351923 0.27145645022392273 4
1689947351970 0.25178027153015137 5
1689947352017 0.23937799036502838 6
1689947352064 0.23197850584983826 7
1689947352112 0.2266080677509308 8
1689947352159 0.22317518293857574 9
1689947352205 0.2203274369239807 10
1689947352253 0.2175055593252182 11
1689947352301 0.21499672532081604 12
1689947352348 0.21272864937782288 13
1689947352397 0.21071651577949524 14
1689947352443 0.20848484337329865 15
1689947352491 0.20646148920059204 16
1689947352537 0.20323513448238373 17
1689947352586 0.20133434236049652 18
1689947352634 0.19816812872886658 19
1689947352677 0.19512939453125 20
1689947352723 0.19259370863437653 21
1689947352767 0.1891445815563202 22
1689947352810 0.18593168258666992 23
1689947352853 0.18192756175994873 24
1689947352897 0.17804943025112152 25
1689947352943 0.1744188368320465 26
1689947352987 0.17128579318523407 27
1689947353030 0.16824276745319366 28
1689947353074 0.16698545217514038 29
1689947353120 0.166281059384346 30
1689947353162 0.16507041454315186 31
1689947353207 0.16364578902721405 32
1689947353250 0.16261978447437286 33
1689947353292 0.1625150591135025 34
1689947353336 0.16178779304027557 35
1689947353381 0.1607542634010315 36
1689947353427 0.16042712330818176 37
1689947353472 0.16024860739707947 38
1689947353518 0.16036628186702728 39
1689947353560 0.15987655520439148 40
1689947353605 0.1594507396221161 41
1689947353648 0.15889181196689606 42
1689947353691 0.15890046954154968 43
1689947353733 0.15839670598506927 44
1689947353777 0.1579408049583435 45
1689947353820 0.15865540504455566 46
1689947353875 0.158391073346138 47
1689947353922 0.15759830176830292 48
1689947353964 0.15679454803466797 49
1689947354009 0.15768665075302124 50
1689947354051 0.1569727212190628 51
1689947354096 0.15611740946769714 52
1689947354137 0.15686629712581635 53
1689947354182 0.1565302312374115 54
1689947354225 0.15704742074012756 55
1689947354268 0.1559557318687439 56
1689947354314 0.15619902312755585 57
1689947354360 0.15582430362701416 58
1689947354409 0.15684708952903748 59
1689947354465 0.1569889932870865 60
1689947354532 0.1554088145494461 61
1689947354581 0.1558680236339569 62
1689947354625 0.15484553575515747 63
1689947354668 0.15463155508041382 64
1689947354712 0.154493510723114 65
1689947354756 0.15471947193145752 66
1689947354800 0.1541130393743515 67
1689947354849 0.1541633903980255 68
1689947354912 0.15386520326137543 69
1689947354971 0.1536925882101059 70
1689947355016 0.1535034477710724 71
1689947355059 0.1532173454761505 72
1689947355102 0.15375305712223053 73
1689947355147 0.1537141650915146 74
1689947355191 0.15271295607089996 75
1689947355234 0.1531749963760376 76
1689947355276 0.15261511504650116 77
1689947355320 0.15323646366596222 78
1689947355363 0.15245777368545532 79
1689947355408 0.15200912952423096 80
1689947355454 0.15235690772533417 81
1689947355498 0.1524926871061325 82
1689947355541 0.15141579508781433 83
1689947355585 0.15163613855838776 84
1689947355628 0.15106838941574097 85
1689947355671 0.15114475786685944 86
1689947355717 0.15087030827999115 87
1689947355770 0.15092137455940247 88
1689947355814 0.15030986070632935 89
1689947355859 0.15011243522167206 90
1689947355902 0.14968156814575195 91
1689947355945 0.1504465639591217 92
1689947355988 0.14979146420955658 93
1689947356032 0.14994584023952484 94
1689947356083 0.14925570785999298 95
1689947356131 0.1485472023487091 96
1689947356175 0.14888152480125427 97
1689947356219 0.14830388128757477 98
1689947356262 0.14815986156463623 99
1689947356305 0.14778883755207062 100
1689947356348 0.14736446738243103 101
1689947356392 0.1471395492553711 102
1689947356436 0.14742882549762726 103
1689947356479 0.14678941667079926 104
1689947356524 0.1469811201095581 105
1689947356573 0.14612367749214172 106
1689947356626 0.14552131295204163 107
1689947356701 0.14565157890319824 108
1689947356774 0.14504751563072205 109
1689947356831 0.1447744369506836 110
1689947356884 0.1444825530052185 111
1689947356952 0.14373767375946045 112
1689947357005 0.14340347051620483 113
1689947357056 0.14265356957912445 114
1689947357103 0.14247578382492065 115
1689947357151 0.14184319972991943 116
1689947357198 0.14117646217346191 117
1689947357248 0.14064887166023254 118
1689947357303 0.141153022646904 119
1689947357354 0.13996252417564392 120
1689947357402 0.13977038860321045 121
1689947357458 0.13957370817661285 122
1689947357505 0.13881835341453552 123
1689947357550 0.13835030794143677 124
1689947357609 0.13790753483772278 125
1689947357673 0.1372922658920288 126
1689947357731 0.13724271953105927 127
1689947357778 0.13641823828220367 128
1689947357826 0.1367958039045334 129
1689947357870 0.13522934913635254 130
1689947357922 0.13520275056362152 131
1689947357976 0.13409996032714844 132
1689947358027 0.13350741565227509 133
1689947358076 0.13329185545444489 134
1689947358123 0.132140651345253 135
1689947358170 0.13385127484798431 136
1689947358216 0.13209931552410126 137
1689947358270 0.1313541680574417 138
1689947358344 0.13022103905677795 139
1689947358395 0.1299351453781128 140
1689947358444 0.12872017920017242 141
1689947358491 0.12851759791374207 142
1689947358540 0.12781932950019836 143
1689947358588 0.12701104581356049 144
1689947358636 0.12641167640686035 145
1689947358690 0.12569676339626312 146
1689947358743 0.12480328977108002 147
1689947358794 0.12486857920885086 148
1689947358841 0.12329752743244171 149
1689947358888 0.12227249145507812 150
1689947358936 0.12149965763092041 151
1689947358982 0.12114609777927399 152
1689947359030 0.1200554221868515 153
1689947359083 0.11922681331634521 154
1689947359130 0.11820785701274872 155
1689947359179 0.11780797690153122 156
1689947359226 0.11588215827941895 157
1689947359274 0.11528564244508743 158
1689947359323 0.11431042104959488 159
1689947359372 0.11396916955709457 160
1689947359422 0.11256268620491028 161
1689947359474 0.11146775633096695 162
1689947359523 0.11047139763832092 163
1689947359586 0.10913723707199097 164
1689947359638 0.10897202044725418 165
1689947359687 0.10713516920804977 166
1689947359733 0.10603667050600052 167
1689947359780 0.10549290478229523 168
1689947359826 0.104622021317482 169
1689947359873 0.10297708213329315 170
1689947359921 0.10185693949460983 171
1689947359968 0.10175780951976776 172
1689947360017 0.09977424889802933 173
1689947360065 0.09855873882770538 174
1689947360112 0.09722191095352173 175
1689947360162 0.09580662101507187 176
1689947360210 0.09601186215877533 177
1689947360259 0.09403792768716812 178
1689947360308 0.093748539686203 179
1689947360354 0.09257566183805466 180
1689947360402 0.09133857488632202 181
1689947360453 0.09015439450740814 182
1689947360503 0.0886286124587059 183
1689947360562 0.0877271443605423 184
1689947360612 0.0867704451084137 185
1689947360660 0.08693360537290573 186
1689947360709 0.08598769456148148 187
1689947360759 0.08416198939085007 188
1689947360808 0.08340081572532654 189
1689947360855 0.08195293694734573 190
1689947360904 0.08168475329875946 191
1689947360951 0.07978000491857529 192
1689947360999 0.07950412482023239 193
1689947361047 0.07821065187454224 194
1689947361093 0.07827207446098328 195
1689947361141 0.07770935446023941 196
1689947361192 0.07657844573259354 197
1689947361243 0.07470086216926575 198
1689947361297 0.07469851523637772 199
1689947361350 0.07426977157592773 200
1689947361398 0.07398539781570435 201
1689947361451 0.07236526161432266 202
1689947361498 0.07236602902412415 203
1689947361545 0.07191070914268494 204
1689947361592 0.07041918486356735 205
1689947361643 0.06930338591337204 206
1689947361699 0.06966481357812881 207
1689947361757 0.07019820064306259 208
1689947361807 0.06774374097585678 209
1689947361854 0.06724255532026291 210
1689947361901 0.06658787280321121 211
1689947361947 0.0659748837351799 212
1689947361995 0.06603659689426422 213
1689947362055 0.06542529910802841 214
1689947362102 0.06401906907558441 215
1689947362151 0.06418941169977188 216
1689947362197 0.06365533173084259 217
1689947362244 0.0635182112455368 218
1689947362314 0.061694130301475525 219
1689947362366 0.06191369891166687 220
1689947362414 0.06292710453271866 221
1689947362472 0.0625942274928093 222
1689947362527 0.0606183223426342 223
1689947362579 0.05969054996967316 224
1689947362626 0.05929001793265343 225
1689947362672 0.059625960886478424 226
1689947362721 0.05837762728333473 227
1689947362769 0.05715726688504219 228
1689947362815 0.05718821659684181 229
1689947362864 0.05744883418083191 230
1689947362909 0.05625426396727562 231
1689947362959 0.05573754385113716 232
1689947363014 0.05552129074931145 233
1689947363065 0.05538328364491463 234
1689947363117 0.05465872958302498 235
1689947363162 0.054425936192274094 236
1689947363209 0.05342484265565872 237
1689947363258 0.05412175878882408 238
1689947363305 0.053013548254966736 239
1689947363351 0.05331411957740784 240
1689947363399 0.0520496666431427 241
1689947363450 0.05133500695228577 242
1689947363497 0.05157589539885521 243
1689947363555 0.05061405152082443 244
1689947363608 0.05082451552152634 245
1689947363657 0.050306759774684906 246
1689947363721 0.050541218370199203 247
1689947363767 0.04983753338456154 248
1689947363814 0.04967374727129936 249
1689947363862 0.052259329706430435 250
1689947363909 0.05020337551832199 251
1689947363956 0.04836844652891159 252
1689947364003 0.04812753573060036 253
1689947364055 0.04933309555053711 254
1689947364103 0.04791727289557457 255
1689947364153 0.04705943912267685 256
1689947364204 0.04701166972517967 257
1689947364253 0.046492189168930054 258
1689947364301 0.04682473465800285 259
1689947364347 0.04738225042819977 260
1689947364396 0.04730275273323059 261
1689947364445 0.046404894441366196 262
1689947364516 0.04542415216565132 263
1689947364563 0.044839564710855484 264
1689947364606 0.04547062888741493 265
1689947364650 0.045142725110054016 266
1689947364694 0.04472208768129349 267
1689947364737 0.04442181810736656 268
1689947364780 0.043907228857278824 269
1689947364823 0.04369097948074341 270
1689947364868 0.04424174129962921 271
1689947364911 0.04463254287838936 272
1689947364955 0.04364243522286415 273
1689947364998 0.043154601007699966 274
1689947365046 0.04315418004989624 275
1689947365094 0.042349595576524734 276
1689947365137 0.042906925082206726 277
1689947365179 0.04258359968662262 278
1689947365223 0.04241340234875679 279
1689947365267 0.041898660361766815 280
1689947365310 0.04246826842427254 281
1689947365354 0.04148112237453461 282
1689947365397 0.041246648877859116 283
1689947365443 0.041303105652332306 284
1689947365487 0.04097969830036163 285
1689947365530 0.04113741219043732 286
1689947365573 0.04047621041536331 287
1689947365618 0.04059732332825661 288
1689947365663 0.04050319269299507 289
1689947365705 0.03990337625145912 290
1689947365750 0.0400182381272316 291
1689947365793 0.04020040109753609 292
1689947365836 0.03985185921192169 293
1689947365879 0.040444713085889816 294
1689947365923 0.03918867185711861 295
1689947365972 0.0397145114839077 296
1689947366016 0.040010809898376465 297
1689947366061 0.03872404992580414 298
1689947366105 0.038766879588365555 299
1689947366150 0.039022114127874374 300
1689947366194 0.03882099315524101 301
1689947366238 0.038705047219991684 302
1689947366295 0.03847113624215126 303
1689947366340 0.038507238030433655 304
1689947366385 0.037857089191675186 305
1689947366427 0.038033321499824524 306
1689947366473 0.03817706182599068 307
1689947366517 0.037330884486436844 308
1689947366558 0.037488557398319244 309
1689947366602 0.03814790025353432 310
1689947366646 0.03738349676132202 311
1689947366691 0.037143927067518234 312
1689947366733 0.03718290477991104 313
1689947366794 0.0371459424495697 314
1689947366842 0.036558620631694794 315
1689947366887 0.036645710468292236 316
1689947366928 0.03669172152876854 317
1689947366974 0.0387352854013443 318
1689947367019 0.03724526986479759 319
1689947367061 0.03752177581191063 320
1689947367104 0.03689742460846901 321
1689947367148 0.03620762377977371 322
1689947367192 0.035857293754816055 323
1689947367233 0.03571062162518501 324
1689947367277 0.03607415407896042 325
1689947367319 0.03578062728047371 326
1689947367362 0.03675089403986931 327
1689947367416 0.036604803055524826 328
1689947367461 0.03547855466604233 329
1689947367506 0.036563627421855927 330
1689947367548 0.03528692200779915 331
1689947367591 0.035459574311971664 332
1689947367633 0.03572741523385048 333
1689947367676 0.035524796694517136 334
1689947367723 0.03531169146299362 335
1689947367772 0.03618825599551201 336
1689947367823 0.03506917133927345 337
1689947367869 0.03503493219614029 338
1689947367913 0.035002339631319046 339
1689947367956 0.03469877690076828 340
1689947367999 0.03467140346765518 341
1689947368043 0.03433505818247795 342
1689947368092 0.03460002318024635 343
1689947368142 0.03485611081123352 344
1689947368187 0.034459132701158524 345
1689947368233 0.034764569252729416 346
1689947368276 0.03493247181177139 347
1689947368319 0.03497473895549774 348
1689947368362 0.03422783687710762 349
1689947368407 0.03416132926940918 350
1689947368465 0.03393719345331192 351
1689947368530 0.0342639796435833 352
1689947368580 0.036241572350263596 353
1689947368631 0.03413769602775574 354
1689947368677 0.03356511890888214 355
1689947368723 0.03400687128305435 356
1689947368767 0.03407270461320877 357
1689947368811 0.03343942016363144 358
1689947368854 0.033922623842954636 359
1689947368898 0.03345960006117821 360
1689947368939 0.03445025533437729 361
1689947368983 0.03376082703471184 362
1689947369026 0.03365302458405495 363
1689947369070 0.03359586372971535 364
1689947369121 0.03313856199383736 365
1689947369169 0.03288345783948898 366
1689947369215 0.0328834094107151 367
1689947369260 0.03305310383439064 368
1689947369304 0.03379438444972038 369
1689947369348 0.03361690416932106 370
1689947369390 0.03277559205889702 371
1689947369435 0.033052776008844376 372
1689947369489 0.03311442211270332 373
1689947369536 0.03305318206548691 374
1689947369583 0.03283572569489479 375
1689947369632 0.03273347392678261 376
1689947369676 0.03258904814720154 377
1689947369721 0.03267444297671318 378
1689947369764 0.033031102269887924 379
1689947369806 0.032858479768037796 380
1689947369851 0.03272320330142975 381
1689947369892 0.032712314277887344 382
1689947369936 0.032668497413396835 383
1689947369980 0.03224204480648041 384
1689947370024 0.03254853934049606 385
1689947370068 0.03235214948654175 386
1689947370110 0.03187177702784538 387
1689947370177 0.032032955437898636 388
1689947370221 0.032407525926828384 389
1689947370264 0.03395213186740875 390
1689947370308 0.032040733844041824 391
1689947370352 0.03193160891532898 392
1689947370404 0.03235451877117157 393
1689947370449 0.031700748950242996 394
1689947370494 0.031923990696668625 395
1689947370537 0.03231057524681091 396
1689947370581 0.03231034800410271 397
1689947370625 0.031802862882614136 398
1689947370669 0.03184330463409424 399
1689947370714 0.0312390998005867 400
1689947370757 0.03331627696752548 401
1689947370800 0.03419395163655281 402
1689947370844 0.032495979219675064 403
1689947370888 0.03177999332547188 404
1689947370933 0.03115963377058506 405
1689947370980 0.031265418976545334 406
1689947371026 0.031242385506629944 407
1689947371073 0.031160790473222733 408
1689947371117 0.03146662563085556 409
1689947371160 0.03231726586818695 410
1689947371202 0.03140641003847122 411
1689947371245 0.03140126168727875 412
1689947371303 0.0318872407078743 413
1689947371352 0.03201831877231598 414
1689947371400 0.032073453068733215 415
1689947371445 0.03156179562211037 416
1689947371489 0.0310235433280468 417
1689947371534 0.031370457261800766 418
1689947371578 0.031124195083975792 419
1689947371622 0.031344980001449585 420
1689947371669 0.03202534466981888 421
1689947371717 0.03214782848954201 422
1689947371779 0.03165305033326149 423
1689947371827 0.031526196748018265 424
1689947371870 0.03046342171728611 425
1689947371913 0.03104117140173912 426
1689947371956 0.030644221231341362 427
1689947372000 0.03013647347688675 428
1689947372048 0.030363937839865685 429
1689947372093 0.030480606481432915 430
1689947372139 0.030479365959763527 431
1689947372195 0.030411051586270332 432
1689947372238 0.030911732465028763 433
1689947372281 0.030284257605671883 434
1689947372325 0.030336644500494003 435
1689947372368 0.030702579766511917 436
1689947372411 0.03163950517773628 437
1689947372455 0.029984135180711746 438
1689947372501 0.030933143571019173 439
1689947372544 0.030186237767338753 440
1689947372588 0.03036247380077839 441
1689947372631 0.030979366973042488 442
1689947372679 0.03100508823990822 443
1689947372725 0.030425265431404114 444
1689947372771 0.030160240828990936 445
1689947372817 0.030253561213612556 446
1689947372865 0.030094094574451447 447
1689947372908 0.03030841238796711 448
1689947372953 0.030558116734027863 449
1689947373007 0.029797086492180824 450
1689947373052 0.030631061643362045 451
1689947373094 0.03177269175648689 452
1689947373138 0.030487382784485817 453
1689947373182 0.030240440741181374 454
1689947373223 0.02944914437830448 455
1689947373287 0.029526542872190475 456
1689947373338 0.029523182660341263 457
1689947373386 0.02983279712498188 458
1689947373429 0.030049141496419907 459
1689947373472 0.029638031497597694 460
1689947373518 0.030881185084581375 461
1689947373562 0.03131549060344696 462
1689947373605 0.02992689236998558 463
1689947373649 0.029206998646259308 464
1689947373693 0.029538150876760483 465
1689947373737 0.029482964426279068 466
1689947373788 0.030049864202737808 467
1689947373833 0.029278604313731194 468
1689947373878 0.02887001819908619 469
1689947373920 0.029198598116636276 470
1689947373964 0.029854105785489082 471
1689947374005 0.0292584840208292 472
1689947374055 0.02950606495141983 473
1689947374101 0.02897346019744873 474
1689947374145 0.028940482065081596 475
1689947374190 0.028879720717668533 476
1689947374234 0.02912447601556778 477
1689947374277 0.029357310384511948 478
1689947374323 0.028643302619457245 479
1689947374368 0.028873754665255547 480
1689947374412 0.02926068939268589 481
1689947374457 0.030263734981417656 482
1689947374506 0.02882128767669201 483
1689947374551 0.02947336435317993 484
1689947374606 0.028663843870162964 485
1689947374650 0.0286665391176939 486
1689947374697 0.02935168147087097 487
1689947374740 0.028594274073839188 488
1689947374786 0.02871386706829071 489
1689947374830 0.029389893636107445 490
1689947374874 0.029766302555799484 491
1689947374941 0.030515365302562714 492
1689947374988 0.02998598851263523 493
1689947375030 0.028532767668366432 494
1689947375074 0.028660977259278297 495
1689947375119 0.028305279091000557 496
1689947375163 0.028534134849905968 497
1689947375208 0.028142066672444344 498
1689947375255 0.02921287715435028 499
