1689781698772 0.1009555533528328 0
1689781707725 0.018635889515280724 1
1689781717015 0.01775929518043995 2
1689781726250 0.01711680367588997 3
1689781735397 0.01655864715576172 4
1689781745185 0.016109764575958252 5
1689781754200 0.01568536087870598 6
1689781763085 0.015341761521995068 7
1689781772060 0.015039597637951374 8
1689781780938 0.014783107675611973 9
1689781790266 0.01455178577452898 10
1689781799255 0.014359991997480392 11
1689781808505 0.014154614880681038 12
1689781817729 0.013978628441691399 13
1689781826672 0.013788284733891487 14
1689781835585 0.013634642586112022 15
1689781844568 0.01347740925848484 16
1689781853658 0.013325660489499569 17
1689781862908 0.013179641216993332 18
1689781871888 0.013032179325819016 19
