1689932899040 0.4770699441432953 0
1689932899082 0.44244834780693054 1
1689932899122 0.40169814229011536 2
1689932899163 0.3550933301448822 3
1689932899203 0.3065313398838043 4
1689932899247 0.2645339071750641 5
1689932899287 0.23577351868152618 6
1689932899325 0.21654444932937622 7
1689932899365 0.2028767168521881 8
1689932899405 0.1933889389038086 9
1689932899447 0.18450957536697388 10
1689932899490 0.1779658943414688 11
1689932899537 0.17263337969779968 12
1689932899586 0.16782350838184357 13
1689932899626 0.1639530062675476 14
1689932899666 0.1610099971294403 15
1689932899706 0.1581847220659256 16
1689932899743 0.15557748079299927 17
1689932899782 0.15334446728229523 18
1689932899822 0.15132670104503632 19
1689932899862 0.1497814655303955 20
1689932899901 0.14779385924339294 21
1689932899940 0.14641138911247253 22
1689932899980 0.14540646970272064 23
1689932900019 0.14400722086429596 24
1689932900060 0.14245222508907318 25
1689932900101 0.14142929017543793 26
1689932900144 0.14063771069049835 27
1689932900184 0.13966156542301178 28
1689932900224 0.13845811784267426 29
1689932900264 0.13758046925067902 30
1689932900304 0.13679927587509155 31
1689932900343 0.13606582581996918 32
1689932900380 0.13622339069843292 33
1689932900420 0.13459952175617218 34
1689932900459 0.13414356112480164 35
1689932900498 0.13327963650226593 36
1689932900537 0.13267748057842255 37
1689932900575 0.13209958374500275 38
1689932900614 0.13179360330104828 39
1689932900653 0.13083219528198242 40
