1689932291852 0.4806689918041229 0
1689932291908 0.47517871856689453 1
1689932291950 0.46982070803642273 2
1689932291989 0.46525970101356506 3
1689932292028 0.46033957600593567 4
1689932292066 0.45532330870628357 5
1689932292104 0.4505663514137268 6
1689932292141 0.44576528668403625 7
1689932292180 0.4410504102706909 8
1689932292225 0.4360906481742859 9
1689932292263 0.4312341809272766 10
1689932292302 0.42638471722602844 11
1689932292339 0.4214775562286377 12
1689932292377 0.41661810874938965 13
1689932292416 0.4117332696914673 14
1689932292454 0.4069325923919678 15
1689932292493 0.4018982946872711 16
1689932292532 0.39723914861679077 17
1689932292570 0.39226865768432617 18
1689932292609 0.38749054074287415 19
1689932292648 0.38278698921203613 20
1689932292687 0.37809550762176514 21
1689932292728 0.3734019100666046 22
1689932292767 0.3686748445034027 23
1689932292805 0.36411571502685547 24
1689932292842 0.35953667759895325 25
1689932292880 0.3551243245601654 26
1689932292917 0.35074931383132935 27
1689932292955 0.34629401564598083 28
1689932292993 0.34209901094436646 29
1689932293041 0.33790138363838196 30
1689932293080 0.33379560708999634 31
1689932293119 0.32977867126464844 32
1689932293157 0.3259160816669464 33
1689932293198 0.32212626934051514 34
1689932293240 0.31845730543136597 35
1689932293277 0.3149740993976593 36
1689932293316 0.3115045130252838 37
1689932293353 0.30816829204559326 38
1689932293390 0.30505114793777466 39
