1689779970703 0.10652270913124084 0
1689779980403 0.019859526306390762 1
1689779990118 0.018582964316010475 2
1689779999829 0.017704812809824944 3
1689780009563 0.017050491645932198 4
1689780019299 0.016577057540416718 5
1689780029031 0.01611139439046383 6
1689780038776 0.015698891133069992 7
1689780048499 0.015376098453998566 8
1689780058207 0.015053956769406796 9
1689780067931 0.014779577031731606 10
1689780077646 0.014534341171383858 11
1689780087364 0.014311268925666809 12
1689780097072 0.014138049446046352 13
1689780106755 0.013938168063759804 14
1689780116422 0.013753887265920639 15
1689780126098 0.01358085311949253 16
1689780135774 0.013402740471065044 17
1689780145470 0.013232318684458733 18
1689780155113 0.013084540143609047 19
