1689781510172 0.10744078457355499 0
1689781518783 0.018606480211019516 1
1689781527364 0.01759505271911621 2
1689781535948 0.016961414366960526 3
1689781544543 0.01645663008093834 4
1689781553160 0.016049176454544067 5
1689781561771 0.015747634693980217 6
1689781570401 0.015487590804696083 7
1689781579086 0.015252377837896347 8
1689781587784 0.015048105269670486 9
1689781596408 0.01482933945953846 10
1689781605117 0.01465198677033186 11
1689781613782 0.014442900195717812 12
1689781622366 0.014285199344158173 13
1689781631087 0.014097901992499828 14
1689781640301 0.01399120781570673 15
1689781649253 0.013826115988194942 16
1689781657843 0.01369821559637785 17
1689781666653 0.013553755357861519 18
1689781675294 0.013408531434834003 19
