1690105825060 0.4606594145298004 0
1690105825101 0.4044523239135742 1
1690105825140 0.34832343459129333 2
1690105825177 0.30338868498802185 3
1690105825213 0.2727108299732208 4
1690105825252 0.2532830834388733 5
1690105825290 0.2409016638994217 6
1690105825328 0.23340275883674622 7
1690105825367 0.2280980795621872 8
1690105825406 0.22458356618881226 9
1690105825447 0.22178076207637787 10
1690105825486 0.21903380751609802 11
1690105825523 0.21648980677127838 12
1690105825562 0.21426597237586975 13
1690105825599 0.21243751049041748 14
1690105825637 0.21023404598236084 15
1690105825676 0.2084026336669922 16
1690105825714 0.20509876310825348 17
1690105825752 0.20325492322444916 18
1690105825790 0.20016273856163025 19
1690105825828 0.19738298654556274 20
1690105825867 0.1948627084493637 21
1690105825906 0.19159439206123352 22
1690105825944 0.18858471512794495 23
1690105825981 0.18462789058685303 24
1690105826019 0.1809913069009781 25
1690105826058 0.17692650854587555 26
1690105826095 0.17386025190353394 27
1690105826133 0.17070595920085907 28
1690105826172 0.16871094703674316 29
1690105826209 0.16730405390262604 30
1690105826247 0.16650456190109253 31
1690105826286 0.1646319329738617 32
1690105826325 0.16325899958610535 33
1690105826364 0.16347214579582214 34
1690105826402 0.16239449381828308 35
1690105826440 0.16135336458683014 36
1690105826478 0.16116267442703247 37
1690105826515 0.16061244904994965 38
1690105826554 0.16098903119564056 39
1690105826592 0.16034658253192902 40
1690105826629 0.16042277216911316 41
1690105826668 0.15938284993171692 42
1690105826706 0.15975533425807953 43
1690105826743 0.1586681753396988 44
1690105826781 0.15824376046657562 45
1690105826819 0.1587415486574173 46
1690105826857 0.15817682445049286 47
1690105826895 0.15801313519477844 48
1690105826932 0.1571761816740036 49
1690105826971 0.15770642459392548 50
1690105827008 0.15731756389141083 51
1690105827046 0.15642812848091125 52
1690105827084 0.15702728927135468 53
1690105827121 0.15680015087127686 54
1690105827158 0.15696941316127777 55
1690105827197 0.15606389939785004 56
1690105827235 0.15661554038524628 57
1690105827273 0.15647214651107788 58
1690105827311 0.1563936471939087 59
1690105827348 0.15677231550216675 60
1690105827387 0.1556374579668045 61
1690105827425 0.1560797095298767 62
1690105827462 0.15525978803634644 63
1690105827501 0.15505555272102356 64
1690105827539 0.15520590543746948 65
1690105827578 0.15503843128681183 66
1690105827614 0.154436394572258 67
1690105827651 0.15447759628295898 68
1690105827690 0.15429559350013733 69
1690105827728 0.15425246953964233 70
1690105827766 0.15395332872867584 71
1690105827803 0.15367920696735382 72
1690105827841 0.15407994389533997 73
1690105827879 0.15403029322624207 74
1690105827917 0.15315285325050354 75
1690105827954 0.15372036397457123 76
1690105827992 0.15321341156959534 77
1690105828029 0.1537993848323822 78
1690105828068 0.15307873487472534 79
1690105828106 0.1525130718946457 80
1690105828143 0.15301191806793213 81
1690105828182 0.15310993790626526 82
1690105828218 0.15220436453819275 83
1690105828256 0.15258876979351044 84
1690105828295 0.15202024579048157 85
1690105828333 0.152139350771904 86
1690105828385 0.1518547534942627 87
1690105828429 0.15198640525341034 88
1690105828467 0.1511855274438858 89
1690105828505 0.1512446105480194 90
1690105828542 0.1507691890001297 91
1690105828580 0.1514270305633545 92
1690105828618 0.1508024036884308 93
1690105828655 0.15121258795261383 94
1690105828694 0.1507178395986557 95
1690105828732 0.1500428467988968 96
1690105828769 0.15027594566345215 97
1690105828808 0.15001386404037476 98
1690105828845 0.14993423223495483 99
1690105828884 0.14946648478507996 100
1690105828921 0.14921027421951294 101
1690105828958 0.1490975320339203 102
1690105828996 0.1491260528564453 103
1690105829034 0.1486971229314804 104
1690105829072 0.14879053831100464 105
1690105829110 0.14831344783306122 106
1690105829148 0.14792227745056152 107
1690105829186 0.14813801646232605 108
1690105829223 0.14769309759140015 109
1690105829261 0.14718444645404816 110
1690105829299 0.14718051254749298 111
1690105829337 0.14676225185394287 112
1690105829374 0.1467379629611969 113
1690105829412 0.14607173204421997 114
1690105829450 0.146056666970253 115
1690105829488 0.14546433091163635 116
1690105829524 0.14509902894496918 117
1690105829562 0.14487086236476898 118
1690105829601 0.144612118601799 119
1690105829638 0.14430248737335205 120
1690105829675 0.14395786821842194 121
1690105829714 0.14452417194843292 122
1690105829751 0.1433926522731781 123
1690105829790 0.14290419220924377 124
1690105829828 0.14327691495418549 125
1690105829865 0.14225196838378906 126
1690105829903 0.1416296362876892 127
1690105829941 0.14129097759723663 128
1690105829978 0.14174915850162506 129
1690105830016 0.14020663499832153 130
1690105830053 0.1400974839925766 131
1690105830090 0.13915611803531647 132
1690105830128 0.13870306313037872 133
1690105830165 0.13816681504249573 134
1690105830203 0.13766926527023315 135
1690105830241 0.13923566043376923 136
1690105830279 0.1376418173313141 137
1690105830316 0.13677917420864105 138
1690105830353 0.13579106330871582 139
1690105830391 0.1363457888364792 140
1690105830430 0.13509483635425568 141
1690105830467 0.13472561538219452 142
1690105830505 0.1340128481388092 143
1690105830542 0.1334201544523239 144
1690105830580 0.13305622339248657 145
1690105830619 0.13263951241970062 146
1690105830656 0.13179895281791687 147
1690105830694 0.1316247284412384 148
1690105830732 0.1310771405696869 149
1690105830769 0.13001391291618347 150
1690105830808 0.12935006618499756 151
1690105830846 0.12873268127441406 152
1690105830884 0.12812817096710205 153
1690105830922 0.12776191532611847 154
1690105830961 0.12653474509716034 155
1690105831000 0.12630005180835724 156
1690105831037 0.12541088461875916 157
1690105831074 0.12471021711826324 158
1690105831132 0.12369899451732635 159
1690105831171 0.12352776527404785 160
1690105831210 0.12244932353496552 161
1690105831248 0.12149356305599213 162
1690105831285 0.12070681154727936 163
1690105831323 0.1196318194270134 164
1690105831361 0.11943637579679489 165
1690105831399 0.11830592155456543 166
1690105831436 0.11757804453372955 167
1690105831474 0.116390161216259 168
1690105831513 0.1165919154882431 169
1690105831550 0.1147770881652832 170
1690105831588 0.11390329897403717 171
1690105831626 0.11340565234422684 172
1690105831663 0.11244357377290726 173
1690105831702 0.11180244386196136 174
1690105831739 0.11093217134475708 175
1690105831777 0.11000315845012665 176
1690105831815 0.1093735620379448 177
1690105831852 0.10823234170675278 178
1690105831889 0.10835834592580795 179
1690105831928 0.10799119621515274 180
1690105831966 0.10653505474328995 181
1690105832004 0.1059274896979332 182
1690105832041 0.1050066128373146 183
1690105832078 0.10479480028152466 184
1690105832117 0.10354642570018768 185
1690105832153 0.10327644646167755 186
1690105832191 0.10327199846506119 187
1690105832230 0.10228346288204193 188
1690105832268 0.10151427239179611 189
1690105832306 0.10116302967071533 190
1690105832344 0.10055415332317352 191
1690105832382 0.09976830333471298 192
1690105832420 0.09941340982913971 193
1690105832458 0.09898918122053146 194
1690105832496 0.09850067645311356 195
1690105832534 0.09890997409820557 196
1690105832571 0.09756974130868912 197
1690105832607 0.09736021608114243 198
1690105832646 0.09741219133138657 199
1690105832684 0.09557417780160904 200
1690105832722 0.09566861391067505 201
1690105832760 0.09544654190540314 202
1690105832798 0.09454324841499329 203
1690105832837 0.09404391050338745 204
1690105832874 0.09367335587739944 205
1690105832911 0.09291235357522964 206
1690105832949 0.09339046478271484 207
1690105832987 0.09325540065765381 208
1690105833024 0.09208206087350845 209
1690105833062 0.092123843729496 210
1690105833099 0.0913589596748352 211
1690105833138 0.09070800989866257 212
1690105833178 0.09172143042087555 213
1690105833220 0.0906977578997612 214
1690105833258 0.08981809765100479 215
1690105833295 0.08901511132717133 216
1690105833335 0.08847150951623917 217
1690105833372 0.08760941028594971 218
1690105833410 0.08753500133752823 219
1690105833467 0.08771654963493347 220
1690105833507 0.08692110329866409 221
1690105833546 0.0865464061498642 222
1690105833583 0.08629170060157776 223
1690105833620 0.08571652323007584 224
1690105833658 0.08532913774251938 225
1690105833696 0.08553425222635269 226
1690105833735 0.08479286730289459 227
1690105833773 0.08398382365703583 228
1690105833810 0.08344219624996185 229
1690105833849 0.08378924429416656 230
1690105833887 0.08355046063661575 231
1690105833925 0.0823621079325676 232
1690105833963 0.0821494311094284 233
1690105834000 0.08158893138170242 234
1690105834039 0.08080077171325684 235
1690105834076 0.08132660388946533 236
1690105834116 0.0802219808101654 237
1690105834158 0.07999705523252487 238
1690105834200 0.08061482012271881 239
1690105834243 0.08153233677148819 240
1690105834286 0.0801459401845932 241
1690105834329 0.07852985709905624 242
1690105834371 0.07851110398769379 243
1690105834413 0.07804296910762787 244
1690105834454 0.0787377804517746 245
1690105834497 0.0780007466673851 246
1690105834537 0.07739238440990448 247
1690105834574 0.07681000232696533 248
1690105834611 0.077089324593544 249
1690105834650 0.07616812735795975 250
1690105834687 0.07594737410545349 251
1690105834724 0.07589435577392578 252
1690105834762 0.07595380395650864 253
1690105834800 0.07538167387247086 254
1690105834837 0.07493126392364502 255
1690105834874 0.0749756395816803 256
1690105834911 0.07397251576185226 257
1690105834950 0.07385871559381485 258
1690105834987 0.07442586869001389 259
1690105835025 0.07416320592164993 260
1690105835064 0.07485964894294739 261
1690105835101 0.07322350889444351 262
1690105835140 0.07220669835805893 263
1690105835177 0.07213190197944641 264
1690105835215 0.07306844741106033 265
1690105835253 0.07312365621328354 266
1690105835290 0.07272527366876602 267
1690105835328 0.07130671292543411 268
1690105835381 0.07147496938705444 269
1690105835424 0.0707004964351654 270
1690105835463 0.07099348306655884 271
1690105835500 0.07169365882873535 272
1690105835537 0.07041583955287933 273
1690105835574 0.07001633197069168 274
1690105835612 0.06939367949962616 275
1690105835650 0.07031948864459991 276
1690105835688 0.06951754540205002 277
1690105835725 0.06976310908794403 278
1690105835764 0.06940227746963501 279
1690105835802 0.07026322185993195 280
1690105835839 0.06874040514230728 281
1690105835877 0.06880319863557816 282
1690105835914 0.06878369301557541 283
1690105835953 0.06806708127260208 284
1690105835990 0.06897224485874176 285
1690105836028 0.0687425434589386 286
1690105836066 0.06784611940383911 287
1690105836104 0.06763533502817154 288
1690105836142 0.0671996995806694 289
1690105836180 0.0667511522769928 290
1690105836217 0.06630387157201767 291
1690105836256 0.0665929839015007 292
1690105836295 0.06598696112632751 293
1690105836333 0.06594318151473999 294
1690105836371 0.06594813615083694 295
1690105836410 0.0658423900604248 296
1690105836448 0.06546138972043991 297
1690105836486 0.06495421379804611 298
1690105836523 0.06526444852352142 299
1690105836563 0.06611726433038712 300
1690105836601 0.06560664623975754 301
1690105836638 0.0653807744383812 302
1690105836677 0.06465896964073181 303
1690105836715 0.06496927887201309 304
1690105836752 0.06361175328493118 305
1690105836791 0.06416256725788116 306
1690105836828 0.06462852656841278 307
1690105836866 0.06366221606731415 308
1690105836903 0.06314267218112946 309
1690105836958 0.06382830440998077 310
1690105836999 0.06308834254741669 311
1690105837037 0.0632157027721405 312
1690105837075 0.06349479407072067 313
1690105837113 0.0629415512084961 314
1690105837150 0.06322117149829865 315
1690105837188 0.06227968633174896 316
1690105837225 0.06212359666824341 317
1690105837263 0.06257780641317368 318
1690105837301 0.06146325543522835 319
1690105837339 0.061863914132118225 320
1690105837378 0.06160828843712807 321
1690105837416 0.06131187081336975 322
1690105837453 0.06114422157406807 323
1690105837491 0.06108880043029785 324
1690105837530 0.06109505891799927 325
1690105837568 0.06071798875927925 326
1690105837606 0.06036734580993652 327
1690105837643 0.06038593500852585 328
1690105837682 0.06084778532385826 329
1690105837720 0.06046188250184059 330
1690105837757 0.060540247708559036 331
1690105837796 0.0608457587659359 332
1690105837833 0.0596737265586853 333
1690105837871 0.060248780995607376 334
1690105837908 0.05937735736370087 335
1690105837946 0.05980970337986946 336
1690105837984 0.05914272367954254 337
1690105838022 0.058443617075681686 338
1690105838058 0.05821477994322777 339
1690105838096 0.058553848415613174 340
1690105838134 0.058572135865688324 341
1690105838172 0.05827314034104347 342
1690105838210 0.06023992970585823 343
1690105838248 0.05790840834379196 344
1690105838287 0.05790290981531143 345
1690105838324 0.05788310617208481 346
1690105838362 0.05760245770215988 347
1690105838418 0.05709538236260414 348
1690105838459 0.0572490468621254 349
1690105838497 0.05691493675112724 350
1690105838534 0.05701953172683716 351
1690105838572 0.057155411690473557 352
1690105838609 0.05766807124018669 353
1690105838647 0.057537276297807693 354
1690105838685 0.05662689357995987 355
1690105838722 0.056799788028001785 356
1690105838759 0.056319523602724075 357
1690105838798 0.05597306415438652 358
1690105838835 0.05579940602183342 359
1690105838872 0.055935852229595184 360
1690105838911 0.05556165799498558 361
1690105838948 0.05576380714774132 362
1690105838986 0.056158408522605896 363
1690105839023 0.05599181726574898 364
1690105839061 0.05501151457428932 365
1690105839099 0.05488717555999756 366
1690105839137 0.05529810115695 367
1690105839174 0.054783985018730164 368
1690105839212 0.054228682070970535 369
1690105839249 0.054740455001592636 370
1690105839289 0.05403585731983185 371
1690105839327 0.05580495670437813 372
1690105839364 0.05423791706562042 373
1690105839403 0.05400276929140091 374
1690105839439 0.054414600133895874 375
1690105839478 0.05579850450158119 376
1690105839516 0.053348734974861145 377
1690105839553 0.05303411930799484 378
1690105839591 0.05326954275369644 379
1690105839629 0.053037840873003006 380
1690105839667 0.05380711331963539 381
1690105839704 0.0532362200319767 382
1690105839758 0.05322444438934326 383
1690105839801 0.0536329410970211 384
1690105839838 0.05279191583395004 385
1690105839875 0.05237463116645813 386
1690105839913 0.0520082488656044 387
1690105839950 0.052704233676195145 388
1690105839989 0.053415726870298386 389
1690105840026 0.05192112550139427 390
1690105840064 0.051759764552116394 391
1690105840102 0.052226025611162186 392
1690105840139 0.05153026804327965 393
1690105840177 0.05122792348265648 394
1690105840215 0.05097254365682602 395
1690105840253 0.05081389844417572 396
1690105840290 0.051913071423769 397
1690105840329 0.05107858404517174 398
1690105840366 0.050507355481386185 399
1690105840406 0.051551345735788345 400
1690105840443 0.05327177420258522 401
1690105840479 0.05058234930038452 402
1690105840518 0.049951426684856415 403
1690105840556 0.050021830946207047 404
1690105840593 0.05007185414433479 405
1690105840631 0.05100689083337784 406
1690105840669 0.04985098913311958 407
1690105840707 0.04995041340589523 408
1690105840744 0.04997872933745384 409
1690105840781 0.04973287507891655 410
1690105840820 0.04984448477625847 411
1690105840858 0.04926678165793419 412
1690105840896 0.04883713647723198 413
1690105840934 0.05013953894376755 414
1690105840988 0.049061186611652374 415
1690105841030 0.04913598671555519 416
1690105841068 0.049113012850284576 417
1690105841107 0.04856592044234276 418
1690105841144 0.04858381301164627 419
1690105841181 0.04820612445473671 420
1690105841219 0.047734979540109634 421
1690105841257 0.048596881330013275 422
1690105841294 0.049361247569322586 423
1690105841333 0.04843961074948311 424
1690105841370 0.04755038395524025 425
1690105841408 0.04857131093740463 426
1690105841449 0.04787464812397957 427
1690105841487 0.04744485393166542 428
1690105841525 0.047068607062101364 429
1690105841563 0.04769895225763321 430
1690105841601 0.04704673960804939 431
1690105841642 0.04770376905798912 432
1690105841683 0.04789398983120918 433
1690105841722 0.04713429510593414 434
1690105841759 0.047182854264974594 435
1690105841799 0.046785078942775726 436
1690105841839 0.047771941870450974 437
1690105841876 0.046233292669057846 438
1690105841914 0.046908289194107056 439
1690105841952 0.04580380767583847 440
1690105841990 0.045823853462934494 441
1690105842028 0.04590742662549019 442
1690105842065 0.04628435894846916 443
1690105842103 0.04564083740115166 444
1690105842142 0.04617078974843025 445
1690105842196 0.046616777777671814 446
1690105842239 0.04578769579529762 447
1690105842277 0.04580789804458618 448
1690105842315 0.046831950545310974 449
1690105842352 0.04579078406095505 450
1690105842389 0.04525662213563919 451
1690105842428 0.044741440564394 452
1690105842466 0.045629099011421204 453
1690105842503 0.045362044125795364 454
1690105842541 0.04474030062556267 455
1690105842579 0.045237571001052856 456
1690105842618 0.044661711901426315 457
1690105842655 0.04454798623919487 458
1690105842692 0.045328158885240555 459
1690105842731 0.04479284957051277 460
1690105842768 0.04417674243450165 461
1690105842806 0.04436798021197319 462
1690105842844 0.04469907283782959 463
1690105842882 0.04435650631785393 464
1690105842920 0.04439696669578552 465
1690105842958 0.045005861669778824 466
1690105842996 0.04411604627966881 467
1690105843034 0.04413465037941933 468
1690105843071 0.04472591355443001 469
1690105843108 0.043616168200969696 470
1690105843147 0.04416180029511452 471
1690105843184 0.04390561953186989 472
1690105843222 0.043734077364206314 473
1690105843260 0.044679779559373856 474
1690105843313 0.042891379445791245 475
1690105843356 0.044255711138248444 476
1690105843394 0.04364838823676109 477
1690105843432 0.04298374429345131 478
1690105843469 0.042817793786525726 479
1690105843506 0.04242134094238281 480
1690105843545 0.042770009487867355 481
1690105843582 0.04345451667904854 482
1690105843619 0.04211349040269852 483
1690105843658 0.042433060705661774 484
1690105843695 0.042715176939964294 485
1690105843734 0.04457499831914902 486
1690105843771 0.042423687875270844 487
1690105843808 0.04290372133255005 488
1690105843847 0.04280649125576019 489
1690105843884 0.042306091636419296 490
1690105843921 0.04244747385382652 491
1690105843960 0.042572036385536194 492
1690105843999 0.04194599390029907 493
1690105844036 0.04187265783548355 494
1690105844075 0.04213982820510864 495
1690105844113 0.041787754744291306 496
1690105844151 0.04252135008573532 497
1690105844188 0.041293006390333176 498
1690105844225 0.04123474657535553 499
