1689932211040 0.4808506667613983 0
1689932211083 0.4443436861038208 1
1689932211125 0.4038446247577667 2
1689932211164 0.35794928669929504 3
1689932211204 0.3104632794857025 4
1689932211244 0.26935210824012756 5
1689932211284 0.24093008041381836 6
1689932211323 0.2217933088541031 7
1689932211364 0.20826254785060883 8
1689932211404 0.19881409406661987 9
1689932211443 0.19016996026039124 10
1689932211483 0.18361490964889526 11
1689932211523 0.17760182917118073 12
1689932211564 0.17253561317920685 13
1689932211602 0.16828128695487976 14
1689932211642 0.16473695635795593 15
1689932211681 0.16205313801765442 16
1689932211722 0.15915900468826294 17
1689932211761 0.1568281650543213 18
1689932211798 0.15464451909065247 19
