1689779597823 0.15637902915477753 0
1689779604784 0.01823989860713482 1
1689779611719 0.017432620748877525 2
1689779618681 0.016774553805589676 3
1689779625649 0.01630924828350544 4
1689779632627 0.015983665362000465 5
1689779639600 0.015659231692552567 6
1689779646601 0.015386405400931835 7
1689779653637 0.015101100318133831 8
1689779660646 0.014891213737428188 9
1689779667638 0.01465640403330326 10
1689779674643 0.01446567103266716 11
1689779681642 0.014201943762600422 12
1689779688672 0.01403651013970375 13
1689779695697 0.013834930956363678 14
1689779702732 0.013642212375998497 15
1689779709752 0.013462294824421406 16
1689779716785 0.01329400297254324 17
1689779723782 0.013124809600412846 18
1689779730811 0.012970524840056896 19
