1689932380400 0.475800096988678 0
1689932380445 0.4407811462879181 1
1689932380486 0.39740505814552307 2
1689932380527 0.34672585129737854 3
1689932380565 0.2959098219871521 4
1689932380604 0.255512535572052 5
1689932380643 0.22959861159324646 6
1689932380683 0.21255117654800415 7
1689932380723 0.2002175897359848 8
1689932380762 0.19133195281028748 9
1689932380802 0.18288013339042664 10
1689932380842 0.17645490169525146 11
1689932380881 0.17106278240680695 12
1689932380920 0.16658447682857513 13
1689932380959 0.1626867651939392 14
1689932380999 0.15992702543735504 15
1689932381039 0.15749573707580566 16
1689932381073 0.15483878552913666 17
1689932381112 0.15304723381996155 18
1689932381151 0.1510753631591797 19
1689932381198 0.14985032379627228 20
1689932381237 0.14792580902576447 21
1689932381276 0.14651209115982056 22
1689932381313 0.14554719626903534 23
1689932381351 0.1441371589899063 24
1689932381387 0.14313443005084991 25
1689932381426 0.14206326007843018 26
1689932381470 0.14136888086795807 27
1689932381509 0.1404798924922943 28
1689932381553 0.13966575264930725 29
1689932381606 0.13882917165756226 30
