1689780396103 0.08058720082044601 0
1689780405172 0.01751425862312317 1
1689780414226 0.01693108305335045 2
1689780423315 0.016502004116773605 3
1689780432384 0.01615493930876255 4
1689780441413 0.01584925502538681 5
1689780450457 0.015584458597004414 6
1689780459486 0.015364761464297771 7
1689780468521 0.015196172520518303 8
1689780477600 0.014977970160543919 9
1689780486668 0.014818722382187843 10
1689780495728 0.01464898232370615 11
1689780504784 0.014500807039439678 12
1689780513839 0.014349070377647877 13
1689780522939 0.014215617440640926 14
1689780531997 0.014043586328625679 15
1689780541058 0.013866488821804523 16
1689780550115 0.013702689670026302 17
1689780559177 0.013548343442380428 18
1689780568258 0.013353834860026836 19
