1690052932190 0.5005944967269897 0
1690052932200 0.4999164640903473 1
1690052932207 0.4991370737552643 2
1690052932213 0.49840420484542847 3
1690052932220 0.49767422676086426 4
1690052932226 0.4969410300254822 5
1690052932238 0.4962165057659149 6
1690052932245 0.4954829216003418 7
1690052932252 0.49477800726890564 8
1690052932258 0.4940759837627411 9
1690052932265 0.49340617656707764 10
1690052932271 0.4927351772785187 11
1690052932284 0.4920700192451477 12
1690052932291 0.49139708280563354 13
1690052932297 0.490734726190567 14
1690052932305 0.4900711476802826 15
1690052932311 0.48938867449760437 16
1690052932319 0.4887334704399109 17
1690052932326 0.4880475401878357 18
1690052932338 0.4873535633087158 19
1690052932344 0.48666661977767944 20
1690052932351 0.4859623610973358 21
1690052932357 0.4852555990219116 22
1690052932369 0.484560489654541 23
1690052932378 0.4838685989379883 24
1690052932395 0.48318320512771606 25
1690052932402 0.48246753215789795 26
1690052932410 0.48173362016677856 27
1690052932418 0.4810357689857483 28
1690052932424 0.4803173840045929 29
1690052932431 0.47959601879119873 30
1690052932438 0.4788492023944855 31
1690052932444 0.4780893623828888 32
1690052932451 0.4773293137550354 33
1690052932465 0.4767446219921112 34
1690052932471 0.47591710090637207 35
1690052932477 0.47527000308036804 36
1690052932484 0.474619597196579 37
1690052932491 0.4739496409893036 38
1690052932498 0.4732607305049896 39
1690052932506 0.47256624698638916 40
1690052932513 0.4718705415725708 41
1690052932528 0.47116410732269287 42
1690052932535 0.4704497456550598 43
1690052932542 0.46971532702445984 44
1690052932553 0.4689701795578003 45
1690052932562 0.46821731328964233 46
1690052932570 0.46745365858078003 47
1690052932577 0.46667546033859253 48
1690052932586 0.4658917784690857 49
1690052932593 0.4651162624359131 50
1690052932608 0.4643150568008423 51
1690052932615 0.46351367235183716 52
1690052932622 0.46269476413726807 53
1690052932629 0.46184638142585754 54
1690052932636 0.46098512411117554 55
1690052932643 0.46009624004364014 56
1690052932650 0.4592694640159607 57
1690052932657 0.4584066867828369 58
1690052932664 0.45750510692596436 59
1690052932670 0.45658621191978455 60
1690052932687 0.45566749572753906 61
1690052932693 0.45476222038269043 62
1690052932699 0.45384037494659424 63
1690052932705 0.4528862237930298 64
1690052932712 0.45188266038894653 65
1690052932718 0.4509058892726898 66
1690052932725 0.44993311166763306 67
1690052932732 0.44892019033432007 68
1690052932738 0.4478730857372284 69
1690052932745 0.4468168616294861 70
1690052932752 0.44610077142715454 71
1690052932757 0.44490376114845276 72
1690052932764 0.4439960718154907 73
1690052932771 0.4429936707019806 74
1690052932777 0.44191163778305054 75
1690052932784 0.44077712297439575 76
1690052932801 0.4396500885486603 77
1690052932807 0.43856897950172424 78
1690052932814 0.4374830722808838 79
1690052932820 0.43636539578437805 80
1690052932827 0.4352359175682068 81
1690052932834 0.4340728521347046 82
1690052932840 0.4328649044036865 83
1690052932847 0.43164366483688354 84
1690052932854 0.43043720722198486 85
1690052932860 0.4291955232620239 86
1690052932866 0.4279184341430664 87
1690052932873 0.42663443088531494 88
1690052932881 0.42532026767730713 89
1690052932897 0.4239833950996399 90
1690052932905 0.42301666736602783 91
1690052932912 0.4216219484806061 92
1690052932918 0.4205201268196106 93
1690052932924 0.4192856252193451 94
1690052932932 0.41791993379592896 95
1690052932942 0.4164847731590271 96
1690052932952 0.41508179903030396 97
1690052932959 0.4136703312397003 98
1690052932966 0.41225409507751465 99
1690052932974 0.4108237624168396 100
1690052932988 0.409397155046463 101
1690052932994 0.40796321630477905 102
1690052933002 0.4064177870750427 103
1690052933009 0.40512681007385254 104
1690052933015 0.403652161359787 105
1690052933022 0.4023783504962921 106
1690052933029 0.40100395679473877 107
1690052933036 0.3994998335838318 108
1690052933043 0.39788660407066345 109
1690052933049 0.3962404131889343 110
1690052933056 0.39458584785461426 111
1690052933071 0.39299458265304565 112
1690052933076 0.391371488571167 113
1690052933083 0.3897550702095032 114
1690052933089 0.3885653614997864 115
1690052933096 0.38676297664642334 116
1690052933103 0.3852776288986206 117
1690052933110 0.38366520404815674 118
1690052933117 0.38196301460266113 119
1690052933124 0.38022249937057495 120
1690052933136 0.37850475311279297 121
1690052933155 0.3767402768135071 122
1690052933163 0.3749901056289673 123
1690052933171 0.3732678294181824 124
1690052933180 0.37188050150871277 125
1690052933187 0.36988621950149536 126
1690052933194 0.3682260513305664 127
1690052933202 0.36653342843055725 128
1690052933208 0.3647616505622864 129
1690052933215 0.3628878593444824 130
1690052933222 0.3609650135040283 131
1690052933228 0.35912156105041504 132
1690052933236 0.35753265023231506 133
1690052933242 0.35572510957717896 134
1690052933257 0.3540605306625366 135
1690052933264 0.35228025913238525 136
1690052933270 0.3503585457801819 137
1690052933276 0.3483717441558838 138
1690052933283 0.34643980860710144 139
1690052933290 0.34453362226486206 140
1690052933297 0.34275275468826294 141
1690052933303 0.34099435806274414 142
1690052933310 0.3391047716140747 143
1690052933317 0.3371292054653168 144
1690052933323 0.33513838052749634 145
1690052933337 0.3331388831138611 146
1690052933343 0.3315744996070862 147
1690052933350 0.32945436239242554 148
1690052933357 0.32771846652030945 149
1690052933364 0.3257937729358673 150
1690052933371 0.32371383905410767 151
1690052933378 0.32159119844436646 152
1690052933385 0.31966179609298706 153
1690052933392 0.31792980432510376 154
1690052933405 0.3161355257034302 155
1690052933411 0.31414881348609924 156
1690052933419 0.3120631277561188 157
1690052933425 0.3099093735218048 158
1690052933431 0.3081105947494507 159
1690052933439 0.3060269355773926 160
1690052933447 0.30414482951164246 161
1690052933457 0.30209383368492126 162
1690052933466 0.29989832639694214 163
1690052933480 0.29787373542785645 164
1690052933487 0.29632169008255005 165
1690052933494 0.2945237159729004 166
1690052933500 0.29249781370162964 167
1690052933507 0.2902895212173462 168
1690052933514 0.2879801392555237 169
1690052933521 0.2870815396308899 170
1690052933527 0.2844504117965698 171
1690052933535 0.2826141119003296 172
1690052933549 0.2811368703842163 173
1690052933556 0.279319703578949 174
1690052933562 0.2771708369255066 175
1690052933569 0.2748313844203949 176
1690052933576 0.2725438177585602 177
1690052933583 0.27031663060188293 178
1690052933589 0.269577294588089 179
1690052933595 0.2670391798019409 180
1690052933602 0.264987051486969 181
1690052933616 0.26350662112236023 182
1690052933622 0.2617606520652771 183
1690052933629 0.25977224111557007 184
1690052933636 0.257580041885376 185
1690052933642 0.25517532229423523 186
1690052933649 0.25276923179626465 187
1690052933655 0.251958429813385 188
1690052933662 0.24967637658119202 189
1690052933669 0.24742597341537476 190
1690052933675 0.24593192338943481 191
1690052933689 0.24407672882080078 192
1690052933695 0.2419830560684204 193
1690052933704 0.23967814445495605 194
1690052933716 0.23725351691246033 195
1690052933724 0.2363598495721817 196
1690052933734 0.23404642939567566 197
1690052933742 0.232134610414505 198
1690052933757 0.23079748451709747 199
1690052933764 0.2290334552526474 200
1690052933771 0.22689048945903778 201
1690052933777 0.22446483373641968 202
1690052933784 0.22256669402122498 203
1690052933791 0.2203640639781952 204
1690052933798 0.2192223072052002 205
1690052933805 0.21788763999938965 206
1690052933814 0.21609321236610413 207
1690052933832 0.2138431966304779 208
1690052933841 0.21141622960567474 209
1690052933848 0.21013911068439484 210
1690052933855 0.2081497609615326 211
1690052933861 0.20637470483779907 212
1690052933868 0.20506778359413147 213
1690052933875 0.20323137938976288 214
1690052933883 0.20097804069519043 215
1690052933890 0.19863463938236237 216
1690052933896 0.19857542216777802 217
1690052933904 0.19663932919502258 218
1690052933910 0.19384844601154327 219
1690052933917 0.19261646270751953 220
1690052933933 0.19086004793643951 221
1690052933939 0.1886747032403946 222
1690052933946 0.18727782368659973 223
1690052933954 0.18510311841964722 224
1690052933961 0.1841704249382019 225
1690052933968 0.18300002813339233 226
1690052933976 0.18119020760059357 227
1690052933984 0.17900845408439636 228
1690052933990 0.17665055394172668 229
1690052934006 0.1771979182958603 230
1690052934012 0.17571984231472015 231
1690052934020 0.172539621591568 232
1690052934027 0.17136968672275543 233
1690052934034 0.17084187269210815 234
1690052934041 0.16963115334510803 235
1690052934050 0.16779254376888275 236
1690052934057 0.16545891761779785 237
1690052934063 0.16279201209545135 238
1690052934077 0.16212253272533417 239
1690052934084 0.16105061769485474 240
1690052934090 0.15823312103748322 241
1690052934097 0.1576010286808014 242
1690052934104 0.15716281533241272 243
1690052934112 0.15602166950702667 244
1690052934123 0.15425227582454681 245
1690052934140 0.1520298570394516 246
1690052934148 0.14960961043834686 247
1690052934155 0.14891886711120605 248
1690052934163 0.1479189693927765 249
1690052934171 0.14530250430107117 250
1690052934178 0.14444006979465485 251
1690052934186 0.14394553005695343 252
1690052934192 0.14287884533405304 253
1690052934200 0.14117160439491272 254
1690052934213 0.13898898661136627 255
1690052934221 0.1372242122888565 256
1690052934227 0.13771842420101166 257
1690052934234 0.1364673227071762 258
1690052934241 0.13328632712364197 259
1690052934253 0.13310572504997253 260
1690052934263 0.13301828503608704 261
1690052934281 0.132145494222641 262
1690052934288 0.1305474042892456 263
1690052934296 0.12836594879627228 264
1690052934304 0.12589845061302185 265
1690052934311 0.12588238716125488 266
1690052934318 0.12556320428848267 267
1690052934324 0.12294192612171173 268
1690052934331 0.12219297885894775 269
1690052934338 0.12216777354478836 270
1690052934344 0.12143296003341675 271
1690052934351 0.12000718712806702 272
1690052934367 0.11802834272384644 273
1690052934373 0.11574192345142365 274
1690052934379 0.11660242080688477 275
1690052934386 0.11618893593549728 276
1690052934393 0.11386862397193909 277
1690052934400 0.11160629242658615 278
1690052934409 0.11125890165567398 279
1690052934419 0.11027845740318298 280
1690052934428 0.10870032757520676 281
1690052934436 0.1072656586766243 282
1690052934451 0.10597115010023117 283
1690052934458 0.10529378056526184 284
1690052934464 0.10429036617279053 285
1690052934471 0.10323457419872284 286
1690052934478 0.10279564559459686 287
1690052934485 0.10139762610197067 288
1690052934492 0.10060527175664902 289
1690052934499 0.09964732825756073 290
1690052934505 0.09869443625211716 291
1690052934512 0.097408726811409 292
1690052934527 0.09813548624515533 293
1690052934534 0.09645196795463562 294
1690052934540 0.09615765511989594 295
1690052934545 0.09614472836256027 296
1690052934552 0.09499580413103104 297
1690052934558 0.09292569756507874 298
1690052934565 0.09294832497835159 299
1690052934571 0.0927901566028595 300
1690052934579 0.09093306213617325 301
1690052934586 0.08998365700244904 302
1690052934593 0.08991415798664093 303
1690052934609 0.08899959921836853 304
1690052934616 0.08766286075115204 305
1690052934623 0.08678047358989716 306
1690052934630 0.0856095552444458 307
1690052934637 0.08586915582418442 308
1690052934643 0.08569292724132538 309
1690052934651 0.0846295952796936 310
1690052934658 0.08279991149902344 311
1690052934666 0.08338218182325363 312
1690052934680 0.08322621881961823 313
1690052934717 0.08133421093225479 314
1690052934730 0.08035653084516525 315
1690052934744 0.0803578794002533 316
1690052934753 0.07957139611244202 317
1690052934761 0.07840054482221603 318
1690052934768 0.07760225236415863 319
1690052934775 0.07631823420524597 320
1690052934782 0.07725608348846436 321
1690052934795 0.07728882133960724 322
1690052934802 0.07621270418167114 323
1690052934809 0.07440149039030075 324
1690052934816 0.07493363320827484 325
1690052934823 0.07506024837493896 326
1690052934829 0.07363900542259216 327
1690052934842 0.07204006612300873 328
1690052934849 0.07223401963710785 329
1690052934855 0.07149317860603333 330
1690052934862 0.06995785236358643 331
1690052934870 0.07097337394952774 332
1690052934876 0.07064417004585266 333
1690052934884 0.06858167797327042 334
1690052934891 0.06900019943714142 335
1690052934904 0.06951947510242462 336
1690052934910 0.06898155063390732 337
1690052934917 0.06761138886213303 338
1690052934924 0.06556230783462524 339
1690052934931 0.06661465764045715 340
1690052934938 0.06683128327131271 341
1690052934945 0.06556813418865204 342
1690052934954 0.06377805024385452 343
1690052934974 0.06392326205968857 344
1690052934981 0.06299424171447754 345
1690052934989 0.062322162091732025 346
1690052934997 0.06171804293990135 347
1690052935004 0.06141413375735283 348
1690052935011 0.06133875623345375 349
1690052935018 0.06050641089677811 350
1690052935024 0.05936834588646889 351
1690052935031 0.059506017714738846 352
1690052935037 0.05865343287587166 353
1690052935043 0.05970621109008789 354
1690052935050 0.059200335294008255 355
1690052935065 0.05750570446252823 356
1690052935071 0.05834158509969711 357
1690052935078 0.058513764292001724 358
1690052935085 0.057796064764261246 359
1690052935092 0.0567886121571064 360
1690052935100 0.05592833459377289 361
1690052935106 0.055258266627788544 362
1690052935113 0.055285125970840454 363
1690052935120 0.05531831085681915 364
1690052935126 0.05421380326151848 365
1690052935134 0.05400747060775757 366
1690052935141 0.05423526093363762 367
1690052935156 0.05245094746351242 368
1690052935163 0.05361609160900116 369
1690052935173 0.05383288115262985 370
1690052935183 0.05300937220454216 371
1690052935192 0.05188773199915886 372
1690052935199 0.05128047615289688 373
1690052935208 0.05079218000173569 374
1690052935215 0.050397999584674835 375
1690052935223 0.05030481889843941 376
1690052935237 0.0493774339556694 377
1690052935243 0.050471581518650055 378
1690052935250 0.05022425949573517 379
1690052935257 0.048776883631944656 380
1690052935264 0.04860987141728401 381
1690052935271 0.0487685389816761 382
1690052935278 0.04844300076365471 383
1690052935286 0.047434188425540924 384
1690052935292 0.04732025787234306 385
1690052935310 0.046682897955179214 386
1690052935320 0.046142272651195526 387
1690052935330 0.0458054393529892 388
1690052935340 0.045929938554763794 389
1690052935348 0.04544832557439804 390
1690052935356 0.04464734345674515 391
1690052935364 0.04456086456775665 392
1690052935372 0.04465580731630325 393
1690052935379 0.043793417513370514 394
1690052935393 0.04332985728979111 395
1690052935403 0.04400738328695297 396
1690052935412 0.0438046008348465 397
1690052935421 0.04269622266292572 398
1690052935427 0.04229152202606201 399
1690052935436 0.04298236593604088 400
1690052935442 0.04240919277071953 401
1690052935448 0.041521720588207245 402
1690052935462 0.04136289283633232 403
1690052935469 0.04125389829277992 404
1690052935476 0.040989745408296585 405
1690052935483 0.04080236703157425 406
1690052935490 0.04027378559112549 407
1690052935497 0.039785560220479965 408
1690052935504 0.04073754698038101 409
1690052935510 0.04041850566864014 410
1690052935518 0.039184972643852234 411
1690052935532 0.040622174739837646 412
1690052935538 0.04042720049619675 413
1690052935545 0.038429971784353256 414
1690052935552 0.03983548656105995 415
1690052935558 0.04045802727341652 416
1690052935565 0.0397404283285141 417
1690052935572 0.03786905109882355 418
1690052935579 0.03900191932916641 419
1690052935597 0.039737727493047714 420
1690052935606 0.03856753185391426 421
1690052935614 0.0368947759270668 422
1690052935623 0.03756438195705414 423
1690052935630 0.03710160404443741 424
1690052935637 0.03586813434958458 425
1690052935643 0.03556115925312042 426
1690052935651 0.03610052540898323 427
1690052935658 0.03607560694217682 428
1690052935665 0.03523046523332596 429
1690052935672 0.03672705590724945 430
1690052935687 0.036308642476797104 431
1690052935693 0.03452788293361664 432
1690052935700 0.03660089522600174 433
1690052935707 0.037440281361341476 434
1690052935714 0.03684578090906143 435
1690052935721 0.0350259393453598 436
1690052935728 0.03434944525361061 437
1690052935735 0.035089146345853806 438
1690052935741 0.03415288031101227 439
1690052935756 0.033364519476890564 440
1690052935762 0.03375576436519623 441
1690052935770 0.033023715019226074 442
1690052935779 0.033050015568733215 443
1690052935792 0.03337552025914192 444
1690052935801 0.03227745741605759 445
1690052935810 0.03288712725043297 446
1690052935816 0.03338193520903587 447
1690052935831 0.03274398669600487 448
1690052935838 0.03176572918891907 449
1690052935845 0.032444193959236145 450
1690052935852 0.03262675926089287 451
1690052935859 0.031306203454732895 452
1690052935866 0.0315873920917511 453
1690052935873 0.03226036950945854 454
1690052935880 0.031745217740535736 455
1690052935887 0.030256953090429306 456
1690052935893 0.031412508338689804 457
1690052935900 0.03203601390123367 458
1690052935916 0.031300030648708344 459
1690052935922 0.029714155942201614 460
1690052935928 0.031083835288882256 461
1690052935935 0.03188510611653328 462
1690052935944 0.031326305121183395 463
1690052935953 0.030007969588041306 464
1690052935963 0.028946753591299057 465
1690052935971 0.029330506920814514 466
1690052935978 0.02839389257133007 467
1690052935992 0.028025401756167412 468
1690052935999 0.028929343447089195 469
1690052936005 0.028826981782913208 470
1690052936012 0.027752265334129333 471
1690052936019 0.027620788663625717 472
1690052936026 0.02809833362698555 473
1690052936033 0.027706101536750793 474
1690052936040 0.02753366529941559 475
1690052936046 0.027631694450974464 476
1690052936060 0.027048248797655106 477
1690052936068 0.027639536187052727 478
1690052936074 0.027229469269514084 479
1690052936081 0.026381252333521843 480
1690052936092 0.02627057023346424 481
1690052936102 0.02662930265069008 482
1690052936110 0.026056699454784393 483
1690052936117 0.026485562324523926 484
1690052936134 0.025970647111535072 485
1690052936142 0.02652803063392639 486
1690052936149 0.02668771706521511 487
1690052936158 0.025633813813328743 488
1690052936169 0.026407841593027115 489
1690052936181 0.02716437727212906 490
1690052936192 0.026328813284635544 491
1690052936199 0.025113096460700035 492
1690052936205 0.025972532108426094 493
1690052936222 0.025600435212254524 494
1690052936228 0.024466902017593384 495
1690052936235 0.024654358625411987 496
1690052936241 0.024514758959412575 497
1690052936248 0.024374743923544884 498
1690052936254 0.02443833462893963 499
