1689947179021 0.48886048793792725 0
1689947179065 0.43478167057037354 1
1689947179112 0.38210824131965637 2
1689947179156 0.33179569244384766 3
1689947179199 0.291297972202301 4
1689947179244 0.26403000950813293 5
1689947179287 0.24788136780261993 6
1689947179334 0.2381432205438614 7
1689947179377 0.23080922663211823 8
1689947179425 0.22639767825603485 9
1689947179468 0.22271817922592163 10
1689947179515 0.21966038644313812 11
1689947179583 0.21722781658172607 12
1689947179636 0.21492630243301392 13
1689947179681 0.21273960173130035 14
1689947179724 0.21092888712882996 15
1689947179766 0.2093467116355896 16
1689947179810 0.206183061003685 17
1689947179851 0.20446164906024933 18
1689947179894 0.20166699588298798 19
1689947179937 0.19931510090827942 20
1689947179980 0.19708071649074554 21
1689947180024 0.1942145973443985 22
1689947180068 0.19164107739925385 23
1689947180115 0.18842200934886932 24
1689947180158 0.18539351224899292 25
1689947180202 0.18120838701725006 26
1689947180245 0.1785205602645874 27
1689947180287 0.1743921935558319 28
1689947180331 0.17211438715457916 29
1689947180376 0.16867054998874664 30
1689947180419 0.167851984500885 31
1689947180461 0.16490952670574188 32
1689947180503 0.1642170399427414 33
1689947180547 0.1632011979818344 34
1689947180591 0.1620122492313385 35
1689947180634 0.16112743318080902 36
1689947180674 0.1607016772031784 37
1689947180717 0.16034184396266937 38
1689947180761 0.1603701263666153 39
1689947180805 0.15949314832687378 40
