1689781893940 0.09652218967676163 0
1689781901564 0.019062047824263573 1
1689781909160 0.017972895875573158 2
1689781917163 0.017178045585751534 3
1689781925322 0.016636203974485397 4
1689781932998 0.016214534640312195 5
1689781941277 0.01584375649690628 6
1689781948884 0.01554178074002266 7
1689781956663 0.015274856239557266 8
1689781964227 0.01499947626143694 9
1689781972903 0.01478662621229887 10
1689781980664 0.014570189639925957 11
1689781988288 0.014382248744368553 12
1689781995852 0.014182456769049168 13
1689782003488 0.014008591882884502 14
1689782011081 0.013813377358019352 15
1689782018698 0.01362472865730524 16
1689782026259 0.013449176214635372 17
1689782034413 0.013274088501930237 18
1689782042212 0.013131661340594292 19
