1689780179740 0.10779134929180145 0
1689780190011 0.018928399309515953 1
1689780200213 0.017706068232655525 2
1689780210358 0.016969993710517883 3
1689780220545 0.016440823674201965 4
1689780230700 0.015985749661922455 5
1689780240878 0.01561887189745903 6
1689780251074 0.015296722762286663 7
1689780261249 0.014996734447777271 8
1689780271378 0.014734501950442791 9
1689780281486 0.01448193471878767 10
1689780291694 0.014218825846910477 11
1689780301861 0.013976245187222958 12
1689780311993 0.01378355547785759 13
1689780322171 0.013560469262301922 14
1689780332330 0.013372601941227913 15
1689780342437 0.013192621991038322 16
1689780352598 0.013023262843489647 17
1689780362761 0.01286370400339365 18
1689780372891 0.012726042419672012 19
