1689781305698 0.0875675305724144 0
1689781315235 0.01952730119228363 1
1689781324763 0.018310371786355972 2
1689781334264 0.017499584704637527 3
1689781343766 0.016929199919104576 4
1689781353315 0.016430146992206573 5
1689781362841 0.015962446108460426 6
1689781372368 0.015627175569534302 7
1689781381875 0.01531668659299612 8
1689781391423 0.015032350085675716 9
1689781400932 0.014770261012017727 10
1689781410455 0.014480222016572952 11
1689781419960 0.014177797362208366 12
1689781429526 0.01395682618021965 13
1689781439087 0.013757779262959957 14
1689781448640 0.013507211580872536 15
1689781458297 0.013326162472367287 16
1689781468245 0.013191788457334042 17
1689781478024 0.013073648326098919 18
1689781487699 0.012949580326676369 19
