1690106213643 0.4996103346347809 0
1690106213654 0.49896129965782166 1
1690106213661 0.4983081817626953 2
1690106213668 0.49764907360076904 3
1690106213676 0.4969961643218994 4
1690106213688 0.49636122584342957 5
1690106213695 0.4957471489906311 6
1690106213702 0.49513548612594604 7
1690106213709 0.49452126026153564 8
1690106213716 0.49390900135040283 9
1690106213723 0.4933614134788513 10
1690106213731 0.492786705493927 11
1690106213745 0.49222299456596375 12
1690106213752 0.4916418194770813 13
1690106213759 0.49106431007385254 14
1690106213767 0.49051547050476074 15
1690106213774 0.4899944067001343 16
1690106213781 0.48947709798812866 17
1690106213789 0.4889819324016571 18
1690106213802 0.4884933531284332 19
1690106213810 0.48799484968185425 20
1690106213817 0.48748406767845154 21
1690106213823 0.486965149641037 22
1690106213831 0.48647722601890564 23
1690106213837 0.4859887957572937 24
1690106213845 0.4855075478553772 25
1690106213859 0.4850274324417114 26
1690106213867 0.4845624566078186 27
1690106213873 0.48409318923950195 28
1690106213881 0.48359936475753784 29
1690106213888 0.48310375213623047 30
1690106213894 0.4826187491416931 31
1690106213901 0.48213762044906616 32
1690106213908 0.48163342475891113 33
1690106213922 0.48111218214035034 34
1690106213929 0.4805924892425537 35
1690106213935 0.4800790250301361 36
1690106213942 0.4795425534248352 37
1690106213949 0.4789920151233673 38
1690106213955 0.47844135761260986 39
1690106213963 0.47786563634872437 40
1690106213970 0.47728151082992554 41
1690106213977 0.4766961336135864 42
1690106213991 0.4760843515396118 43
1690106213997 0.47547411918640137 44
1690106214004 0.47485336661338806 45
1690106214014 0.4742269217967987 46
1690106214023 0.4735986888408661 47
1690106214033 0.4729580879211426 48
1690106214041 0.47231048345565796 49
1690106214048 0.4716394543647766 50
1690106214061 0.47096049785614014 51
1690106214068 0.4702932834625244 52
1690106214076 0.469587504863739 53
1690106214083 0.4688703417778015 54
1690106214090 0.4681447148323059 55
1690106214097 0.4674043357372284 56
1690106214104 0.46666258573532104 57
1690106214117 0.46589958667755127 58
1690106214124 0.46510225534439087 59
1690106214132 0.46432602405548096 60
1690106214138 0.46353209018707275 61
1690106214145 0.4626982808113098 62
1690106214151 0.4618529975414276 63
1690106214158 0.46101418137550354 64
1690106214165 0.46014314889907837 65
1690106214179 0.45933061838150024 66
1690106214186 0.458381712436676 67
1690106214193 0.4574871361255646 68
1690106214200 0.45656922459602356 69
1690106214207 0.45561012625694275 70
1690106214214 0.4546496868133545 71
1690106214220 0.453670859336853 72
1690106214227 0.45267948508262634 73
1690106214234 0.4516708552837372 74
1690106214249 0.450630784034729 75
1690106214256 0.44957685470581055 76
1690106214263 0.4485125243663788 77
1690106214270 0.4474338889122009 78
1690106214277 0.44632208347320557 79
1690106214283 0.44518792629241943 80
1690106214290 0.4440515339374542 81
1690106214297 0.44290122389793396 82
1690106214303 0.4417200982570648 83
1690106214315 0.4405033588409424 84
1690106214322 0.4392656683921814 85
1690106214329 0.4380203187465668 86
1690106214335 0.43675291538238525 87
1690106214342 0.4354461133480072 88
1690106214348 0.4341238737106323 89
1690106214360 0.432797372341156 90
1690106214369 0.4314311444759369 91
1690106214377 0.4300496578216553 92
1690106214393 0.4286419749259949 93
1690106214400 0.4272209405899048 94
1690106214406 0.42577850818634033 95
1690106214413 0.424294650554657 96
1690106214420 0.42275649309158325 97
1690106214428 0.4212501049041748 98
1690106214435 0.4197201132774353 99
1690106214442 0.41811442375183105 100
1690106214449 0.416514128446579 101
1690106214460 0.4148954749107361 102
1690106214480 0.41325220465660095 103
1690106214488 0.4116887152194977 104
1690106214496 0.41038769483566284 105
1690106214503 0.4091731905937195 106
1690106214510 0.4078059494495392 107
1690106214516 0.4063132703304291 108
1690106214524 0.4047852158546448 109
1690106214531 0.4032784104347229 110
1690106214540 0.40183335542678833 111
1690106214548 0.4003232717514038 112
1690106214554 0.3987685441970825 113
1690106214570 0.39719444513320923 114
1690106214576 0.39561840891838074 115
1690106214583 0.3939823508262634 116
1690106214590 0.3922947645187378 117
1690106214596 0.39060699939727783 118
1690106214603 0.38887518644332886 119
1690106214610 0.38711103796958923 120
1690106214617 0.38535910844802856 121
1690106214624 0.38356077671051025 122
1690106214632 0.3829801082611084 123
1690106214638 0.3804548978805542 124
1690106214645 0.37902963161468506 125
1690106214662 0.3774247467517853 126
1690106214668 0.3756735622882843 127
1690106214675 0.37387096881866455 128
1690106214681 0.3720465898513794 129
1690106214688 0.3702698349952698 130
1690106214697 0.36849820613861084 131
1690106214704 0.36670002341270447 132
1690106214711 0.36488234996795654 133
1690106214718 0.3631877899169922 134
1690106214725 0.3613690137863159 135
1690106214732 0.3597450256347656 136
1690106214747 0.3581004738807678 137
1690106214754 0.3563416004180908 138
1690106214761 0.3544921278953552 139
1690106214768 0.35257142782211304 140
1690106214775 0.35068851709365845 141
1690106214782 0.3487851619720459 142
1690106214788 0.34682682156562805 143
1690106214796 0.3448445796966553 144
1690106214802 0.34283965826034546 145
1690106214810 0.34146571159362793 146
1690106214817 0.33923688530921936 147
1690106214832 0.33754581212997437 148
1690106214838 0.3356783390045166 149
1690106214846 0.33375275135040283 150
1690106214853 0.3317774832248688 151
1690106214860 0.3297380805015564 152
1690106214866 0.32765597105026245 153
1690106214873 0.3255966901779175 154
1690106214880 0.3245531916618347 155
1690106214887 0.32185032963752747 156
1690106214902 0.32007938623428345 157
1690106214910 0.3182141184806824 158
1690106214916 0.31623005867004395 159
1690106214923 0.3141270577907562 160
1690106214929 0.3119603395462036 161
1690106214936 0.30986350774765015 162
1690106214943 0.3091326057910919 163
1690106214950 0.3061569631099701 164
1690106214957 0.3044320344924927 165
1690106214965 0.30256450176239014 166
1690106214979 0.30055636167526245 167
1690106214986 0.29839658737182617 168
1690106214994 0.29624706506729126 169
1690106215001 0.29411983489990234 170
1690106215008 0.29208171367645264 171
1690106215016 0.2902930974960327 172
1690106215023 0.2884378135204315 173
1690106215031 0.2864375412464142 174
1690106215037 0.284312903881073 175
1690106215045 0.28214579820632935 176
1690106215058 0.27995461225509644 177
1690106215065 0.27859532833099365 178
1690106215071 0.27611637115478516 179
1690106215079 0.27432480454444885 180
1690106215086 0.2723110616207123 181
1690106215093 0.2700583040714264 182
1690106215103 0.26784470677375793 183
1690106215111 0.26623284816741943 184
1690106215121 0.2644399404525757 185
1690106215140 0.2624211609363556 186
1690106215146 0.2602658271789551 187
1690106215153 0.25814104080200195 188
1690106215160 0.2561320662498474 189
1690106215168 0.25456833839416504 190
1690106215176 0.2529086768627167 191
1690106215183 0.2509881854057312 192
1690106215190 0.24883420765399933 193
1690106215198 0.24658140540122986 194
1690106215208 0.24438558518886566 195
1690106215217 0.24269713461399078 196
1690106215234 0.24086710810661316 197
1690106215241 0.23876139521598816 198
1690106215248 0.23671609163284302 199
1690106215256 0.23516115546226501 200
1690106215263 0.23359769582748413 201
1690106215270 0.23169857263565063 202
1690106215277 0.2295682728290558 203
1690106215284 0.22736959159374237 204
1690106215291 0.22614288330078125 205
1690106215298 0.22359219193458557 206
1690106215305 0.22179242968559265 207
1690106215320 0.21979162096977234 208
1690106215325 0.21831732988357544 209
1690106215332 0.21641477942466736 210
1690106215338 0.2148217260837555 211
1690106215346 0.21281564235687256 212
1690106215353 0.21093083918094635 213
1690106215359 0.20978578925132751 214
1690106215366 0.20736388862133026 215
1690106215372 0.20592795312404633 216
1690106215380 0.20410588383674622 217
1690106215387 0.20192474126815796 218
1690106215402 0.20149973034858704 219
1690106215408 0.19899940490722656 220
1690106215415 0.19758039712905884 221
1690106215421 0.1965130865573883 222
1690106215427 0.19489021599292755 223
1690106215434 0.1927916556596756 224
1690106215441 0.19052687287330627 225
1690106215447 0.18823909759521484 226
1690106215455 0.18798266351222992 227
1690106215464 0.18563884496688843 228
1690106215483 0.18418683111667633 229
1690106215492 0.1832636594772339 230
1690106215501 0.18183709681034088 231
1690106215509 0.18000394105911255 232
1690106215517 0.17785334587097168 233
1690106215525 0.1758013516664505 234
1690106215532 0.17473873496055603 235
1690106215539 0.1722111850976944 236
1690106215546 0.1706947386264801 237
1690106215553 0.16981613636016846 238
1690106215560 0.1678006500005722 239
1690106215566 0.16639502346515656 240
1690106215581 0.1645204722881317 241
1690106215588 0.1640803962945938 242
1690106215595 0.16196060180664062 243
1690106215601 0.16087841987609863 244
1690106215608 0.1599813997745514 245
1690106215616 0.1584610939025879 246
1690106215622 0.15679554641246796 247
1690106215630 0.15471670031547546 248
1690106215637 0.15342815220355988 249
1690106215644 0.1516830027103424 250
1690106215661 0.15064260363578796 251
1690106215668 0.14971449971199036 252
1690106215674 0.1485683172941208 253
1690106215682 0.146833136677742 254
1690106215688 0.14499640464782715 255
1690106215696 0.1439029574394226 256
1690106215703 0.14262638986110687 257
1690106215710 0.1408860832452774 258
1690106215718 0.14132922887802124 259
1690106215728 0.13891249895095825 260
1690106215736 0.138421893119812 261
1690106215744 0.1381450593471527 262
1690106215762 0.13714352250099182 263
1690106215769 0.13545642793178558 264
1690106215776 0.13328826427459717 265
1690106215783 0.1315888613462448 266
1690106215791 0.1306704580783844 267
1690106215798 0.12917116284370422 268
1690106215804 0.12812727689743042 269
1690106215810 0.1268007457256317 270
1690106215817 0.12572766840457916 271
1690106215824 0.12466159462928772 272
1690106215832 0.12374582141637802 273
1690106215838 0.12217800319194794 274
1690106215846 0.12186916917562485 275
1690106215861 0.12032739818096161 276
1690106215868 0.11934389173984528 277
1690106215875 0.11881622672080994 278
1690106215882 0.1176241785287857 279
1690106215887 0.11605580151081085 280
1690106215895 0.11483210325241089 281
1690106215902 0.11350648105144501 282
1690106215909 0.11368918418884277 283
1690106215916 0.11313886940479279 284
1690106215922 0.11170990765094757 285
1690106215943 0.11017893999814987 286
1690106215952 0.11023460328578949 287
1690106215961 0.1087464988231659 288
1690106215968 0.10757756233215332 289
1690106215976 0.10741937160491943 290
1690106215985 0.10646693408489227 291
1690106215993 0.10477263480424881 292
1690106215999 0.10417009890079498 293
1690106216007 0.1034323126077652 294
1690106216014 0.10140180587768555 295
1690106216021 0.10054780542850494 296
1690106216036 0.09997086226940155 297
1690106216043 0.09891381114721298 298
1690106216050 0.09829404950141907 299
