1689932946214 0.48192358016967773 0
1689932946252 0.4434881806373596 1
1689932946290 0.3972802460193634 2
1689932946327 0.34547531604766846 3
1689932946364 0.295388787984848 4
1689932946402 0.25607410073280334 5
1689932946439 0.23089759051799774 6
1689932946477 0.21407835185527802 7
1689932946515 0.20181334018707275 8
1689932946555 0.1930374652147293 9
1689932946594 0.18462921679019928 10
1689932946652 0.17826318740844727 11
1689932946691 0.17304639518260956 12
1689932946729 0.16822075843811035 13
1689932946768 0.1643240749835968 14
1689932946808 0.16118624806404114 15
1689932946844 0.15867967903614044 16
1689932946883 0.15603473782539368 17
1689932946920 0.15402105450630188 18
1689932946958 0.1518065631389618 19
1689932946997 0.15044181048870087 20
1689932947036 0.14816595613956451 21
1689932947073 0.14683844149112701 22
1689932947110 0.14609450101852417 23
1689932947148 0.14447607100009918 24
1689932947185 0.14332659542560577 25
1689932947222 0.14220871031284332 26
1689932947260 0.1412457674741745 27
1689932947298 0.1402841955423355 28
1689932947335 0.13957738876342773 29
1689932947373 0.13850870728492737 30
1689932947412 0.13783805072307587 31
1689932947449 0.13706643879413605 32
1689932947488 0.13684801757335663 33
1689932947526 0.13617993891239166 34
1689932947564 0.1358473002910614 35
1689932947602 0.13425970077514648 36
1689932947640 0.13384553790092468 37
1689932947682 0.13318662345409393 38
1689932947724 0.13336986303329468 39
1689932947764 0.13219963014125824 40
