1689935227869 0.5036947131156921 0
1689935227878 0.4998113512992859 1
1689935227887 0.49913573265075684 2
1689935227894 0.49870219826698303 3
1689935227902 0.4982244074344635 4
1689935227914 0.49772778153419495 5
1689935227923 0.4972177743911743 6
1689935227930 0.49668675661087036 7
1689935227937 0.49613770842552185 8
1689935227945 0.49556583166122437 9
1689935227959 0.49499064683914185 10
1689935227966 0.49445417523384094 11
1689935227973 0.49391165375709534 12
1689935227980 0.49336081743240356 13
1689935227988 0.4928057789802551 14
1689935227996 0.4922465980052948 15
1689935228003 0.4916903078556061 16
1689935228011 0.49116387963294983 17
1689935228026 0.4906467795372009 18
1689935228033 0.49011725187301636 19
1689935228040 0.4895937442779541 20
1689935228047 0.48907509446144104 21
1689935228053 0.4885508716106415 22
1689935228061 0.4880140423774719 23
1689935228070 0.4874728322029114 24
1689935228084 0.48692482709884644 25
1689935228093 0.4863746166229248 26
1689935228101 0.48581159114837646 27
1689935228110 0.485251247882843 28
1689935228117 0.4846808612346649 29
1689935228124 0.484102725982666 30
1689935228131 0.48352885246276855 31
1689935228138 0.48296523094177246 32
1689935228154 0.4823840260505676 33
1689935228164 0.48179465532302856 34
1689935228173 0.48118582367897034 35
1689935228182 0.48057281970977783 36
1689935228189 0.47995078563690186 37
1689935228197 0.47932809591293335 38
1689935228206 0.4787243902683258 39
1689935228218 0.47811633348464966 40
1689935228225 0.47748565673828125 41
1689935228232 0.4768350422382355 42
1689935228241 0.47619718313217163 43
1689935228247 0.47554975748062134 44
1689935228254 0.4748850166797638 45
1689935228261 0.47421538829803467 46
1689935228269 0.473525732755661 47
1689935228283 0.4728485941886902 48
1689935228290 0.4721570611000061 49
1689935228297 0.4714448153972626 50
1689935228304 0.47071337699890137 51
1689935228312 0.46998411417007446 52
1689935228321 0.46926459670066833 53
1689935228329 0.4685059189796448 54
1689935228343 0.46775224804878235 55
1689935228350 0.4669731855392456 56
1689935228358 0.4661751091480255 57
1689935228366 0.4653797149658203 58
1689935228373 0.46459054946899414 59
1689935228381 0.4637904465198517 60
1689935228390 0.4629817008972168 61
1689935228403 0.4621659517288208 62
1689935228410 0.46132439374923706 63
1689935228417 0.46046191453933716 64
1689935228426 0.4595879912376404 65
1689935228433 0.45870694518089294 66
1689935228440 0.45783063769340515 67
1689935228448 0.45694172382354736 68
1689935228462 0.45603084564208984 69
1689935228469 0.4550841748714447 70
1689935228477 0.45415037870407104 71
1689935228485 0.45319223403930664 72
1689935228493 0.4522168040275574 73
1689935228499 0.4512159526348114 74
1689935228507 0.45021358132362366 75
1689935228515 0.44918984174728394 76
1689935228529 0.4481716752052307 77
1689935228536 0.4471457898616791 78
1689935228542 0.4460805058479309 79
1689935228549 0.44495636224746704 80
1689935228556 0.4438605308532715 81
1689935228565 0.4431225657463074 82
1689935228573 0.44190719723701477 83
1689935228581 0.44098711013793945 84
1689935228586 0.4398975670337677 85
1689935228613 0.4387049973011017 86
1689935228625 0.4374971389770508 87
1689935228635 0.4363406002521515 88
1689935228643 0.43517154455184937 89
1689935228651 0.4340202808380127 90
1689935228661 0.43285009264945984 91
1689935228673 0.4319045841693878 92
1689935228684 0.4306003451347351 93
1689935228693 0.4295702278614044 94
1689935228702 0.42842885851860046 95
1689935228710 0.42724931240081787 96
1689935228717 0.4259892702102661 97
1689935228732 0.42464277148246765 98
1689935228738 0.42330193519592285 99
