1689780592072 0.09258665144443512 0
1689780601515 0.01974235475063324 1
1689780610940 0.01873249001801014 2
1689780620375 0.01787419617176056 3
1689780629799 0.0171562097966671 4
1689780639225 0.016576502472162247 5
1689780648663 0.01612861640751362 6
1689780658110 0.01569177396595478 7
1689780667568 0.015413862653076649 8
1689780677021 0.015101906843483448 9
1689780686505 0.01483433973044157 10
1689780695974 0.014558878727257252 11
1689780705430 0.014309273101389408 12
1689780714888 0.014082706533372402 13
1689780724345 0.013836849480867386 14
1689780733812 0.013602669350802898 15
1689780743247 0.013385819271206856 16
1689780752670 0.013217953033745289 17
1689780762101 0.013050544075667858 18
1689780771566 0.012950144708156586 19
