1689779086273 0.12727099657058716 0
1689779093036 0.019029946997761726 1
1689779099772 0.01802966371178627 2
1689779106570 0.01725604198873043 3
1689779113322 0.016611043363809586 4
1689779120018 0.016092918813228607 5
1689779126722 0.015671009197831154 6
1689779133421 0.015297538600862026 7
1689779140069 0.014949699863791466 8
1689779146871 0.014636136591434479 9
1689779153486 0.014355911873281002 10
1689779160207 0.014038963243365288 11
1689779167076 0.013777741231024265 12
1689779173793 0.013528650626540184 13
1689779180458 0.013232800178229809 14
1689779187098 0.012995907105505466 15
1689779193738 0.012816173955798149 16
1689779200402 0.012666769325733185 17
1689779207037 0.012535503134131432 18
1689779213691 0.012404264882206917 19
