1689781133407 0.1187201663851738 0
1689781141369 0.01921241544187069 1
1689781149357 0.018095163628458977 2
1689781157323 0.017313016578555107 3
1689781165193 0.016618061810731888 4
1689781172967 0.016124380752444267 5
1689781180740 0.015713587403297424 6
1689781188532 0.015392065048217773 7
1689781196356 0.015168225392699242 8
1689781204153 0.014924556016921997 9
1689781211971 0.014716031029820442 10
1689781219805 0.014519582502543926 11
1689781227572 0.014325586147606373 12
1689781235333 0.01419992558658123 13
1689781243115 0.014000733382999897 14
1689781250885 0.013826223090291023 15
1689781258678 0.013677249662578106 16
1689781266517 0.013507760129868984 17
1689781274400 0.013390076346695423 18
1689781282250 0.013234312646090984 19
