1689782064674 0.11297290027141571 0
1689782072432 0.019199756905436516 1
1689782080184 0.01819714717566967 2
1689782088025 0.017547352239489555 3
1689782095710 0.01694292202591896 4
1689782103394 0.0165395587682724 5
1689782111113 0.016148971393704414 6
1689782119188 0.015848923474550247 7
1689782127268 0.015551552176475525 8
1689782135545 0.01526208221912384 9
1689782143350 0.014989696443080902 10
1689782151034 0.014795397408306599 11
1689782158796 0.014591418206691742 12
1689782166692 0.014398656785488129 13
1689782174669 0.014189494773745537 14
1689782182577 0.014033573679625988 15
1689782190512 0.013876313343644142 16
1689782198435 0.013697565533220768 17
1689782206164 0.013522857800126076 18
1689782213859 0.01337385457009077 19
