1690106240643 0.499886691570282 0
1690106240653 0.4991786777973175 1
1690106240659 0.4984118342399597 2
1690106240666 0.49767085909843445 3
1690106240673 0.4969483017921448 4
1690106240680 0.49625110626220703 5
1690106240691 0.49558025598526 6
1690106240698 0.49489837884902954 7
1690106240703 0.49423640966415405 8
1690106240710 0.4935884475708008 9
1690106240716 0.49295884370803833 10
1690106240722 0.4923657774925232 11
1690106240729 0.49180668592453003 12
1690106240746 0.491268128156662 13
1690106240755 0.4907222092151642 14
1690106240763 0.49016106128692627 15
1690106240770 0.4895915389060974 16
1690106240778 0.4890309274196625 17
1690106240786 0.4884744882583618 18
1690106240792 0.4879159927368164 19
1690106240798 0.4873482584953308 20
1690106240804 0.4867749810218811 21
1690106240809 0.4861968755722046 22
1690106240816 0.4856249690055847 23
1690106240830 0.4850347936153412 24
1690106240836 0.484458327293396 25
1690106240842 0.4838927388191223 26
1690106240848 0.4833146035671234 27
1690106240853 0.482740193605423 28
1690106240859 0.4821517765522003 29
1690106240865 0.48156753182411194 30
1690106240871 0.48098307847976685 31
1690106240877 0.4803772568702698 32
1690106240883 0.47976142168045044 33
1690106240896 0.4791460633277893 34
1690106240902 0.4785270094871521 35
1690106240908 0.4778886139392853 36
1690106240914 0.4772390127182007 37
1690106240920 0.4765773415565491 38
1690106240925 0.4758930802345276 39
1690106240931 0.4752006232738495 40
1690106240937 0.4744933545589447 41
1690106240943 0.47377902269363403 42
1690106240949 0.4730481505393982 43
1690106240955 0.4723149836063385 44
1690106240969 0.4715566337108612 45
1690106240976 0.4707835614681244 46
1690106240984 0.4700049161911011 47
1690106240990 0.46921902894973755 48
1690106240997 0.4684159755706787 49
1690106241003 0.46759679913520813 50
1690106241009 0.4667598009109497 51
1690106241015 0.4659108519554138 52
1690106241021 0.465041846036911 53
1690106241027 0.4641628861427307 54
1690106241034 0.46326184272766113 55
1690106241049 0.4623354375362396 56
1690106241056 0.46138623356819153 57
1690106241062 0.460420697927475 58
1690106241068 0.4594603180885315 59
1690106241074 0.4584713578224182 60
1690106241079 0.4574494957923889 61
1690106241085 0.45640307664871216 62
1690106241091 0.4553891718387604 63
1690106241098 0.45433616638183594 64
1690106241104 0.45325517654418945 65
1690106241110 0.4521383047103882 66
1690106241115 0.4510001540184021 67
1690106241131 0.4498477578163147 68
1690106241137 0.44866085052490234 69
1690106241143 0.447460800409317 70
1690106241149 0.44623255729675293 71
1690106241155 0.4449971318244934 72
1690106241161 0.44373375177383423 73
1690106241167 0.44240057468414307 74
1690106241173 0.4410380721092224 75
1690106241179 0.4396511912345886 76
1690106241185 0.4382363557815552 77
1690106241190 0.43676599860191345 78
1690106241196 0.4352465271949768 79
1690106241202 0.43368232250213623 80
1690106241217 0.43277454376220703 81
1690106241223 0.4310511350631714 82
1690106241229 0.4299323856830597 83
1690106241237 0.4286915063858032 84
1690106241246 0.4273812174797058 85
1690106241255 0.42600157856941223 86
1690106241262 0.4246296286582947 87
1690106241269 0.4232606291770935 88
1690106241275 0.4219086170196533 89
1690106241281 0.42052918672561646 90
1690106241287 0.41908788681030273 91
1690106241293 0.4176006317138672 92
1690106241307 0.41609758138656616 93
1690106241313 0.41456103324890137 94
1690106241319 0.4130086302757263 95
1690106241325 0.41142988204956055 96
1690106241331 0.4098046123981476 97
1690106241337 0.40817272663116455 98
1690106241343 0.40652260184288025 99
1690106241348 0.40482664108276367 100
1690106241354 0.4034833312034607 101
1690106241360 0.4017498195171356 102
1690106241366 0.40033766627311707 103
1690106241372 0.3988226652145386 104
1690106241386 0.3972586691379547 105
1690106241392 0.3956446051597595 106
1690106241398 0.3939691185951233 107
1690106241404 0.39228832721710205 108
1690106241410 0.39060431718826294 109
1690106241416 0.3888615667819977 110
1690106241422 0.38708025217056274 111
1690106241428 0.3852776288986206 112
1690106241434 0.383465051651001 113
1690106241439 0.38161322474479675 114
1690106241446 0.38083887100219727 115
1690106241452 0.37821006774902344 116
1690106241466 0.3766253590583801 117
1690106241472 0.3749973773956299 118
1690106241479 0.3732573390007019 119
1690106241484 0.3714151978492737 120
1690106241490 0.3695266544818878 121
1690106241496 0.36759960651397705 122
1690106241502 0.3656838536262512 123
1690106241507 0.3637130856513977 124
1690106241514 0.36322060227394104 125
1690106241519 0.3601495325565338 126
1690106241526 0.3584950268268585 127
1690106241532 0.3568141460418701 128
1690106241547 0.3549710512161255 129
1690106241553 0.3530196249485016 130
1690106241559 0.3509969711303711 131
1690106241566 0.3489910662174225 132
1690106241571 0.3474031686782837 133
1690106241578 0.3452785611152649 134
1690106241584 0.34357377886772156 135
1690106241590 0.34176015853881836 136
1690106241596 0.339832067489624 137
1690106241602 0.3378349244594574 138
1690106241607 0.3357536196708679 139
1690106241619 0.3336682915687561 140
1690106241641 0.3328627943992615 141
1690106241648 0.3298892676830292 142
1690106241655 0.3281245231628418 143
1690106241664 0.32624590396881104 144
1690106241670 0.32417193055152893 145
1690106241676 0.3220611810684204 146
1690106241682 0.3199402093887329 147
1690106241688 0.3183630704879761 148
1690106241695 0.31666457653045654 149
1690106241701 0.3147314190864563 150
1690106241707 0.31261157989501953 151
1690106241713 0.31043219566345215 152
1690106241719 0.30822184681892395 153
1690106241725 0.3076629042625427 154
1690106241731 0.3043082356452942 155
1690106241737 0.30250996351242065 156
1690106241743 0.3005160093307495 157
1690106241760 0.2983716130256653 158
1690106241765 0.29677051305770874 159
1690106241771 0.2946931719779968 160
1690106241777 0.2930047810077667 161
1690106241784 0.2910269498825073 162
1690106241789 0.28881368041038513 163
1690106241796 0.28653907775878906 164
1690106241801 0.28489357233047485 165
1690106241807 0.2830650210380554 166
1690106241814 0.28104838728904724 167
1690106241819 0.2789016366004944 168
1690106241825 0.2770797908306122 169
1690106241832 0.2750580310821533 170
1690106241837 0.27324017882347107 171
1690106241844 0.2711848020553589 172
1690106241850 0.2690129280090332 173
1690106241866 0.2679302394390106 174
1690106241872 0.2651577591896057 175
1690106241878 0.2633613348007202 176
1690106241884 0.2612754702568054 177
1690106241890 0.25986963510513306 178
1690106241896 0.25760024785995483 179
1690106241902 0.25590193271636963 180
1690106241908 0.2538197934627533 181
1690106241914 0.2515742778778076 182
1690106241920 0.25139349699020386 183
1690106241926 0.2483278512954712 184
1690106241932 0.2470978945493698 185
1690106241938 0.2460993230342865 186
1690106241944 0.24456408619880676 187
1690106241950 0.2424917370080948 188
1690106241966 0.24002212285995483 189
1690106241972 0.23754626512527466 190
1690106241978 0.2351228892803192 191
1690106241984 0.23592469096183777 192
1690106241990 0.23401768505573273 193
1690106241996 0.2297797054052353 194
1690106242002 0.22836631536483765 195
1690106242008 0.22672320902347565 196
1690106242014 0.2247907519340515 197
1690106242020 0.22261923551559448 198
1690106242026 0.22030609846115112 199
1690106242032 0.2202613651752472 200
1690106242038 0.21766377985477448 201
1690106242044 0.21598713099956512 202
1690106242051 0.2150411158800125 203
1690106242066 0.21343789994716644 204
1690106242072 0.21130076050758362 205
1690106242078 0.20876069366931915 206
1690106242084 0.20683163404464722 207
1690106242090 0.20488341152668 208
1690106242096 0.2038828432559967 209
1690106242102 0.20278072357177734 210
1690106242107 0.2011573314666748 211
1690106242114 0.19906267523765564 212
1690106242120 0.1967478096485138 213
1690106242129 0.19548922777175903 214
1690106242137 0.19326657056808472 215
1690106242146 0.19232110679149628 216
1690106242165 0.19144853949546814 217
1690106242174 0.19000807404518127 218
1690106242181 0.18794681131839752 219
1690106242187 0.18544824421405792 220
1690106242193 0.18401893973350525 221
1690106242199 0.18223604559898376 222
1690106242204 0.18092939257621765 223
1690106242211 0.179953932762146 224
1690106242216 0.17841202020645142 225
1690106242222 0.17629891633987427 226
1690106242228 0.17387232184410095 227
1690106242234 0.1747390627861023 228
1690106242240 0.17297916114330292 229
1690106242247 0.16947181522846222 230
1690106242253 0.16862766444683075 231
1690106242259 0.16712889075279236 232
1690106242276 0.16495075821876526 233
1690106242281 0.1655718982219696 234
1690106242288 0.16331931948661804 235
1690106242294 0.1614692062139511 236
1690106242302 0.16100440919399261 237
1690106242310 0.15969228744506836 238
1690106242317 0.15766507387161255 239
1690106242325 0.1554289162158966 240
1690106242331 0.1541106104850769 241
1690106242336 0.15308891236782074 242
1690106242342 0.15179219841957092 243
1690106242349 0.15060049295425415 244
1690106242355 0.1488305628299713 245
1690106242361 0.14803731441497803 246
1690106242377 0.1462574005126953 247
1690106242383 0.14591097831726074 248
1690106242389 0.14545097947120667 249
1690106242395 0.14414650201797485 250
1690106242401 0.14216770231723785 251
1690106242407 0.14020048081874847 252
1690106242414 0.1412787288427353 253
1690106242419 0.13959842920303345 254
1690106242425 0.13663405179977417 255
1690106242431 0.13625353574752808 256
1690106242437 0.13518518209457397 257
1690106242443 0.13350726664066315 258
1690106242450 0.1334238499403 259
1690106242464 0.13189950585365295 260
1690106242470 0.13040347397327423 261
1690106242477 0.1297556757926941 262
1690106242483 0.1281871497631073 263
1690106242489 0.12644267082214355 264
1690106242495 0.1250559538602829 265
1690106242501 0.1248151957988739 266
1690106242507 0.12403067946434021 267
1690106242513 0.12266252934932709 268
1690106242518 0.12070676684379578 269
1690106242523 0.12196209281682968 270
1690106242532 0.12095684558153152 271
1690106242554 0.11807524412870407 272
1690106242562 0.11759661138057709 273
1690106242569 0.11636456847190857 274
1690106242577 0.11610965430736542 275
1690106242584 0.1143883615732193 276
1690106242589 0.11417534947395325 277
1690106242596 0.11367475986480713 278
1690106242601 0.11236011981964111 279
1690106242607 0.11072713136672974 280
1690106242613 0.1104462593793869 281
1690106242619 0.109180748462677 282
1690106242625 0.10818539559841156 283
1690106242631 0.10781732946634293 284
1690106242636 0.10648377984762192 285
1690106242642 0.10547971725463867 286
1690106242649 0.10420653223991394 287
1690106242665 0.10423091053962708 288
1690106242671 0.10378584265708923 289
1690106242678 0.10232910513877869 290
1690106242683 0.1006612628698349 291
1690106242689 0.0998406857252121 292
1690106242696 0.09912813454866409 293
1690106242702 0.09886451065540314 294
1690106242707 0.09834091365337372 295
1690106242714 0.09690434485673904 296
1690106242719 0.09725985676050186 297
1690106242725 0.09645489603281021 298
1690106242731 0.09421698749065399 299
1690106242737 0.09363655745983124 300
1690106242744 0.09273792803287506 301
1690106242750 0.09236965328454971 302
1690106242766 0.09150386601686478 303
1690106242772 0.09097455441951752 304
1690106242778 0.08955802023410797 305
1690106242784 0.08926011621952057 306
1690106242790 0.08864232897758484 307
1690106242797 0.08780848979949951 308
1690106242804 0.08708734065294266 309
1690106242811 0.08677202463150024 310
1690106242818 0.08604699373245239 311
1690106242825 0.08575507998466492 312
1690106242832 0.08444306254386902 313
1690106242837 0.0851515680551529 314
1690106242852 0.08490212261676788 315
1690106242858 0.08349485695362091 316
1690106242864 0.0818462148308754 317
1690106242870 0.08376318961381912 318
1690106242877 0.08301248401403427 319
1690106242882 0.08075611293315887 320
1690106242888 0.08163577318191528 321
1690106242895 0.0824824646115303 322
1690106242901 0.0819702297449112 323
1690106242906 0.08033136278390884 324
1690106242913 0.07782267034053802 325
1690106242918 0.07967948168516159 326
1690106242924 0.08033449202775955 327
1690106242931 0.07917969673871994 328
1690106242950 0.07637785375118256 329
1690106242958 0.0753248780965805 330
1690106242968 0.07616741210222244 331
1690106242976 0.07612373679876328 332
1690106242983 0.07533685117959976 333
1690106242990 0.07359535247087479 334
1690106242997 0.0715879499912262 335
1690106243002 0.07146689295768738 336
1690106243009 0.07135681062936783 337
1690106243015 0.07089205086231232 338
1690106243021 0.07013308256864548 339
1690106243035 0.06917029619216919 340
1690106243040 0.06918027997016907 341
1690106243047 0.06785822659730911 342
1690106243053 0.0679553747177124 343
1690106243059 0.06807395815849304 344
1690106243065 0.06766388565301895 345
1690106243071 0.06649908423423767 346
1690106243078 0.0666499063372612 347
1690106243084 0.06637689471244812 348
1690106243089 0.06459192931652069 349
1690106243103 0.06406834721565247 350
1690106243109 0.06477049738168716 351
1690106243115 0.06326399743556976 352
1690106243121 0.06500198692083359 353
1690106243128 0.0652012899518013 354
1690106243133 0.06385103613138199 355
1690106243139 0.061456624418497086 356
1690106243145 0.06458558142185211 357
1690106243151 0.06495869159698486 358
1690106243157 0.06306986510753632 359
1690106243164 0.06014440953731537 360
1690106243170 0.060916151851415634 361
1690106243184 0.06045600771903992 362
1690106243190 0.059529200196266174 363
1690106243196 0.05882022902369499 364
1690106243201 0.05973973497748375 365
1690106243207 0.0594995841383934 366
1690106243213 0.05801258236169815 367
1690106243219 0.05806688591837883 368
1690106243225 0.058151427656412125 369
1690106243231 0.05610937625169754 370
1690106243237 0.05794550105929375 371
1690106243243 0.05881606042385101 372
1690106243249 0.0582764632999897 373
1690106243269 0.05654789134860039 374
1690106243277 0.054146524518728256 375
1690106243285 0.05450361222028732 376
1690106243291 0.05369918420910835 377
1690106243299 0.05318622291088104 378
1690106243306 0.053860872983932495 379
1690106243313 0.0532333143055439 380
1690106243318 0.05287200212478638 381
1690106243324 0.053016193211078644 382
1690106243331 0.05204080790281296 383
1690106243337 0.05200261250138283 384
1690106243342 0.05147414654493332 385
1690106243349 0.05126512423157692 386
1690106243355 0.05112636089324951 387
1690106243370 0.049784742295742035 388
1690106243376 0.051992278546094894 389
1690106243382 0.052040670067071915 390
1690106243388 0.05006881058216095 391
1690106243394 0.0501735620200634 392
1690106243400 0.05113010108470917 393
1690106243405 0.05067482218146324 394
1690106243411 0.049054473638534546 395
1690106243418 0.04841700941324234 396
1690106243423 0.048907265067100525 397
1690106243431 0.04753190279006958 398
1690106243436 0.048037607222795486 399
1690106243442 0.04846387356519699 400
1690106243448 0.04754148796200752 401
1690106243463 0.045799389481544495 402
1690106243469 0.04835069924592972 403
1690106243475 0.048782140016555786 404
1690106243481 0.04711037501692772 405
1690106243487 0.04518803954124451 406
1690106243493 0.046028926968574524 407
1690106243499 0.04557565227150917 408
1690106243505 0.04453938081860542 409
1690106243511 0.04410342127084732 410
1690106243517 0.04480504244565964 411
1690106243523 0.044482357800006866 412
1690106243529 0.04295602813363075 413
1690106243535 0.04505257308483124 414
1690106243550 0.04536130651831627 415
1690106243556 0.04357923939824104 416
1690106243563 0.043360259383916855 417
1690106243569 0.044327788054943085 418
1690106243575 0.04372170940041542 419
1690106243582 0.0422392264008522 420
1690106243587 0.04295409470796585 421
1690106243594 0.04328445345163345 422
1690106243600 0.04142844304442406 423
1690106243606 0.04198494553565979 424
1690106243612 0.04267798364162445 425
1690106243618 0.04178362712264061 426
1690106243632 0.03961779177188873 427
1690106243638 0.03988216072320938 428
1690106243648 0.0400904044508934 429
1690106243656 0.039905235171318054 430
1690106243664 0.03873911499977112 431
1690106243674 0.04078727215528488 432
1690106243681 0.04086076468229294 433
1690106243689 0.039603687822818756 434
1690106243696 0.03900871053338051 435
1690106243710 0.03948282077908516 436
1690106243716 0.038545578718185425 437
1690106243722 0.038092996925115585 438
1690106243728 0.03809003904461861 439
1690106243734 0.03771616145968437 440
1690106243740 0.037533290684223175 441
1690106243746 0.0366613045334816 442
1690106243752 0.03824406862258911 443
1690106243759 0.038556668907403946 444
1690106243765 0.037317246198654175 445
1690106243779 0.0366305373609066 446
1690106243785 0.03691690415143967 447
1690106243790 0.03632493317127228 448
1690106243797 0.036538369953632355 449
1690106243803 0.03633573278784752 450
1690106243808 0.03557650372385979 451
1690106243815 0.035409532487392426 452
1690106243820 0.034615885466337204 453
1690106243826 0.03625847026705742 454
1690106243833 0.0365879088640213 455
1690106243838 0.03531765937805176 456
1690106243851 0.03494299575686455 457
1690106243857 0.03540442883968353 458
1690106243864 0.03431867063045502 459
1690106243869 0.03389391303062439 460
1690106243877 0.033662766218185425 461
1690106243882 0.0337650328874588 462
1690106243894 0.033722903579473495 463
1690106243903 0.03248125687241554 464
1690106243912 0.032630451023578644 465
1690106243918 0.03269374370574951 466
1690106243934 0.0319705531001091 467
1690106243940 0.03233833238482475 468
1690106243947 0.03217039257287979 469
1690106243953 0.03169833868741989 470
1690106243958 0.03291581571102142 471
1690106243965 0.03278619050979614 472
1690106243971 0.03099214658141136 473
1690106243978 0.03342236950993538 474
1690106243983 0.034215398132801056 475
1690106243990 0.03373049199581146 476
1690106243996 0.03246187046170235 477
1690106244010 0.03115265630185604 478
1690106244016 0.03163927048444748 479
1690106244022 0.03022380731999874 480
1690106244028 0.032002296298742294 481
1690106244034 0.03280004858970642 482
1690106244040 0.032085757702589035 483
1690106244047 0.030134253203868866 484
1690106244053 0.03189536929130554 485
1690106244059 0.03275303915143013 486
1690106244065 0.032196417450904846 487
1690106244079 0.02958574891090393 488
1690106244085 0.0316411629319191 489
1690106244091 0.03333394601941109 490
1690106244097 0.033231619745492935 491
1690106244103 0.031572192907333374 492
1690106244109 0.029185187071561813 493
1690106244116 0.03163686394691467 494
1690106244121 0.033196356147527695 495
1690106244130 0.032651666551828384 496
1690106244139 0.03024119697511196 497
1690106244157 0.028793081641197205 498
1690106244164 0.030345411971211433 499
