1689692463699 22523.388671875 0
1689692470472 6.803712368011475 1
1689692477182 0.3087647557258606 2
1689692483883 0.2856275737285614 3
1689692490621 161500368.0 4
1689692497339 0.3895852863788605 5
1689692504154 0.2690255045890808 6
1689692510892 0.37092140316963196 7
1689692517610 0.2639283537864685 8
1689692524325 0.23824095726013184 9
1689692531063 0.21050581336021423 10
1689692537765 0.1756046712398529 11
1689692544441 0.14110934734344482 12
1689692551207 0.12512893974781036 13
1689692557953 0.10995777696371078 14
1689692564685 0.0930328443646431 15
1689692571446 857.22802734375 16
1689692578330 0.2815539538860321 17
1689692585036 0.07108155637979507 18
1689692591725 0.03744691610336304 19
1689692612502 94901.984375 0
1689692619185 0.9964279532432556 1
1689692625858 0.7124518156051636 2
1689692632522 1.583781361579895 3
1689692639163 0.6688699126243591 4
1689692645821 0.5106810927391052 5
1689692652436 0.3530897796154022 6
1689692659101 0.20862054824829102 7
1689692665805 0.11223055422306061 8
1689692672481 0.07881119102239609 9
1689692679152 0.05613838881254196 10
1689692685838 0.039882685989141464 11
1689692692469 0.017093561589717865 12
1689692699062 0.015619787387549877 13
1689692705691 0.014560460112988949 14
1689692712354 0.013853557407855988 15
1689692719034 0.013482860289514065 16
1689692725740 0.013177708722651005 17
1689692732400 0.012932831421494484 18
1689692739071 0.0126274973154068 19
1689692758568 1864359.125 0
1689692765248 236.55096435546875 1
1689692771890 0.5115424990653992 2
1689692778533 0.36903828382492065 3
1689692785169 0.24344749748706818 4
1689692791826 0.08559763431549072 5
1689692798515 0.052711013704538345 6
1689692805244 19809.99609375 7
1689692811927 0.6848188638687134 8
1689692818619 0.21373210847377777 9
1689692825317 0.16959497332572937 10
1689692831962 0.09349370747804642 11
1689692838652 0.053635187447071075 12
1689692845302 0.03728716820478439 13
1689692851987 0.05600554123520851 14
1689692858650 0.029900310561060905 15
1689692865359 0.024681897833943367 16
1689692872052 0.022161994129419327 17
1689692878763 0.020500557497143745 18
1689692885448 0.019041556864976883 19
1689692908498 14974.0361328125 0
1689692918239 3.3499605655670166 1
1689692927939 1.8124572038650513 2
1689692937623 0.6419227719306946 3
1689692947282 0.2996729016304016 4
1689692956915 0.2663058638572693 5
1689692966515 0.23475825786590576 6
1689692976118 0.11289118975400925 7
1689692985721 0.01387799996882677 8
1689692995310 0.011733990162611008 9
1689693004978 0.01140833180397749 10
1689693014671 0.011257931590080261 11
1689693024283 0.011118176393210888 12
1689693033860 0.011035850271582603 13
1689693043492 0.010860583744943142 14
1689693053108 0.011053907684981823 15
1689693062743 0.010916877537965775 16
1689693072388 0.010746019892394543 17
1689693082056 0.010764587670564651 18
1689693091687 0.010971087962388992 19
1689693111716 45366292.0 0
1689693118723 0.11169681698083878 1
1689693125764 0.056146394461393356 2
1689693132796 0.02421577088534832 3
1689693139853 0.012981764040887356 4
1689693146835 0.011802978813648224 5
1689693153865 0.011453239247202873 6
1689693160923 0.010997114703059196 7
1689693167972 0.010843625292181969 8
1689693175129 0.010865195654332638 9
1689693182172 0.010775805450975895 10
1689693189231 0.010725553147494793 11
1689693196365 0.010750426910817623 12
1689693203434 0.01064452063292265 13
1689693210516 0.010661264881491661 14
1689693217596 0.010684926994144917 15
1689693224711 0.010699968785047531 16
1689693231788 0.010570685379207134 17
1689693238905 0.010517485439777374 18
1689693245974 0.010624665766954422 19
1689693266025 88715288576.0 0
1689693273022 0.3029806613922119 1
1689693280025 0.11385422199964523 2
1689693287148 0.06260737031698227 3
1689693294423 0.03327564522624016 4
1689693301563 0.023100687190890312 5
1689693308811 0.019567053765058517 6
1689693315956 0.017220789566636086 7
1689693323005 0.011919728480279446 8
1689693330079 0.011255186051130295 9
1689693337196 0.011053971946239471 10
1689693344283 0.010871452279388905 11
1689693351394 0.010813894681632519 12
1689693358397 0.010610220022499561 13
1689693365397 0.010623332113027573 14
1689693372443 0.010408503003418446 15
1689693379487 0.0103269899263978 16
1689693386533 0.010315056890249252 17
1689693393537 0.010273464024066925 18
1689693400529 0.010237840004265308 19
1689693422134 4429.30810546875 0
1689693430378 0.022952236235141754 1
1689693438613 0.0157766193151474 2
1689693446869 0.01391687523573637 3
1689693455108 0.011635890230536461 4
1689693463336 0.011051147244870663 5
1689693471568 0.010964984074234962 6
1689693479800 0.010931707918643951 7
1689693488020 0.010685412213206291 8
1689693496225 0.010764533653855324 9
1689693504450 0.010767328552901745 10
1689693512695 0.010775487869977951 11
1689693520912 0.010661659762263298 12
1689693529144 0.01054947730153799 13
1689693537378 0.010513604618608952 14
1689693545601 0.010711705312132835 15
1689693553815 0.010426424443721771 16
1689693562038 0.01040846761316061 17
1689693570350 0.010397182777523994 18
1689693578576 0.010372407734394073 19
1689693598569 nan 0
1689693605727 nan 1
1689693612891 nan 2
1689693620092 nan 3
1689693627285 nan 4
1689693634475 nan 5
1689693641681 nan 6
1689693648908 nan 7
1689693656097 nan 8
1689693663288 nan 9
1689693670501 nan 10
1689693677693 nan 11
1689693684936 nan 12
1689693692182 nan 13
1689693699387 nan 14
1689693706582 nan 15
1689693713805 nan 16
1689693721024 nan 17
1689693728232 nan 18
1689693735417 nan 19
