1689780793237 0.09741251915693283 0
1689780800873 0.020294826477766037 1
1689780808493 0.019078506156802177 2
1689780816095 0.018187858164310455 3
1689780823692 0.01754571497440338 4
1689780831286 0.01699807494878769 5
1689780838911 0.016557473689317703 6
1689780846545 0.016195420175790787 7
1689780854188 0.015857672318816185 8
1689780861845 0.01554232556372881 9
1689780869492 0.015266841277480125 10
1689780877133 0.015014131553471088 11
1689780884856 0.014766759239137173 12
1689780892612 0.014562328346073627 13
1689780900365 0.014339398592710495 14
1689780908179 0.01412451732903719 15
1689780915958 0.013918359763920307 16
1689780923766 0.0137373311445117 17
1689780931500 0.013596913777291775 18
1689780939303 0.013410751707851887 19
