1689779393162 0.11620321869850159 0
1689779402942 0.0179293155670166 1
1689779412702 0.016887232661247253 2
1689779422451 0.01615520939230919 3
1689779432202 0.015573656186461449 4
1689779441925 0.015090718865394592 5
1689779451687 0.014680472202599049 6
1689779461338 0.014265955425798893 7
1689779470963 0.013924615457654 8
1689779480630 0.013541578315198421 9
1689779490278 0.013216535560786724 10
1689779499934 0.012890671379864216 11
1689779509622 0.012670514173805714 12
1689779519282 0.012455395422875881 13
1689779528929 0.012236847542226315 14
1689779538586 0.012066490948200226 15
1689779548224 0.011936938390135765 16
1689779557891 0.011836899444460869 17
1689779567483 0.011735247448086739 18
1689779577125 0.011621071957051754 19
