1689782406615 0.10278765112161636 0
1689782416779 0.018857475370168686 1
1689782426714 0.017778562381863594 2
1689782436791 0.017191631719470024 3
1689782446906 0.016681497916579247 4
1689782456768 0.016258344054222107 5
1689782466754 0.015859724953770638 6
1689782476583 0.015483907423913479 7
1689782486964 0.015127835795283318 8
1689782497564 0.014849433675408363 9
1689782507474 0.014620941132307053 10
1689782517793 0.014472050592303276 11
1689782527834 0.014249100349843502 12
1689782537766 0.01407858356833458 13
1689782547657 0.013909991830587387 14
1689782557521 0.013783182948827744 15
1689782567433 0.013679475523531437 16
1689782577380 0.013546926900744438 17
1689782587432 0.013446937315165997 18
1689782597373 0.013325189240276814 19
