1689935189435 0.5133538246154785 0
1689935189447 0.5097712278366089 1
1689935189455 0.5061920285224915 2
1689935189463 0.5026382803916931 3
1689935189470 0.4991223216056824 4
1689935189478 0.49561184644699097 5
1689935189493 0.49419933557510376 6
1689935189500 0.493887335062027 7
1689935189508 0.49350497126579285 8
1689935189515 0.49307119846343994 9
1689935189523 0.49260473251342773 10
1689935189530 0.4920969307422638 11
1689935189537 0.49155575037002563 12
1689935189545 0.4909912049770355 13
1689935189561 0.4904216527938843 14
1689935189567 0.48983681201934814 15
1689935189574 0.4892536401748657 16
1689935189582 0.488647997379303 17
1689935189590 0.4880417585372925 18
1689935189597 0.4874330461025238 19
1689935189606 0.4868254065513611 20
1689935189616 0.48621511459350586 21
1689935189634 0.4856146574020386 22
1689935189643 0.4850614666938782 23
1689935189650 0.48451393842697144 24
1689935189658 0.48396265506744385 25
1689935189665 0.48339977860450745 26
1689935189671 0.48285365104675293 27
1689935189679 0.4823090732097626 28
1689935189686 0.4817650616168976 29
1689935189693 0.4812125563621521 30
1689935189701 0.48063910007476807 31
1689935189708 0.48004424571990967 32
1689935189715 0.47944802045822144 33
1689935189731 0.4788641929626465 34
1689935189737 0.478272408246994 35
1689935189745 0.47766733169555664 36
1689935189750 0.4770718812942505 37
1689935189758 0.47646385431289673 38
1689935189765 0.47585228085517883 39
1689935189773 0.4752376079559326 40
