1689943044708 0.5031699538230896 0
1689943044721 0.5011661052703857 1
1689943044729 0.5005810260772705 2
1689943044736 0.499934583902359 3
1689943044743 0.49928706884384155 4
1689943044755 0.49862879514694214 5
1689943044765 0.49795907735824585 6
1689943044772 0.49734988808631897 7
1689943044780 0.4967486560344696 8
1689943044793 0.4961511492729187 9
1689943044800 0.49554550647735596 10
1689943044807 0.49493512511253357 11
1689943044814 0.49433183670043945 12
1689943044822 0.4937424957752228 13
1689943044830 0.4931601881980896 14
1689943044843 0.49258649349212646 15
1689943044850 0.4920108914375305 16
1689943044856 0.4914320707321167 17
1689943044864 0.4908524751663208 18
1689943044872 0.49030014872550964 19
1689943044880 0.4897468388080597 20
1689943044887 0.4892001152038574 21
1689943044894 0.4886794090270996 22
1689943044909 0.48817136883735657 23
1689943044916 0.4876531958580017 24
1689943044922 0.4871259927749634 25
1689943044930 0.48659518361091614 26
1689943044937 0.4860914349555969 27
1689943044945 0.4855775535106659 28
1689943044952 0.48505645990371704 29
1689943044959 0.48452240228652954 30
1689943044973 0.48397547006607056 31
1689943044980 0.48342329263687134 32
1689943044986 0.4828636348247528 33
1689943044994 0.48229044675827026 34
1689943045001 0.4817160367965698 35
1689943045008 0.4811590611934662 36
1689943045017 0.48058801889419556 37
1689943045035 0.48000210523605347 38
1689943045046 0.47940778732299805 39
1689943045053 0.4788188338279724 40
1689943045060 0.47822263836860657 41
1689943045068 0.4776113033294678 42
1689943045075 0.4769967198371887 43
1689943045082 0.4763886630535126 44
1689943045089 0.4757871627807617 45
1689943045096 0.47516241669654846 46
1689943045102 0.47454673051834106 47
1689943045109 0.4739333391189575 48
1689943045124 0.47328245639801025 49
1689943045131 0.47264426946640015 50
1689943045137 0.47199898958206177 51
1689943045145 0.47164085507392883 52
1689943045153 0.470817893743515 53
1689943045162 0.4702575206756592 54
1689943045169 0.4696381688117981 55
1689943045176 0.46897831559181213 56
1689943045183 0.46831074357032776 57
1689943045191 0.46765148639678955 58
1689943045205 0.46697667241096497 59
1689943045212 0.4662773311138153 60
1689943045220 0.465568482875824 61
1689943045227 0.4648362398147583 62
1689943045234 0.46411705017089844 63
1689943045240 0.4633961319923401 64
1689943045248 0.462642103433609 65
1689943045255 0.46188026666641235 66
1689943045262 0.4610847234725952 67
1689943045277 0.4602621793746948 68
1689943045284 0.4594375193119049 69
1689943045293 0.458598256111145 70
1689943045299 0.457749605178833 71
1689943045305 0.4568801522254944 72
1689943045313 0.45631641149520874 73
1689943045320 0.45540958642959595 74
1689943045328 0.4546990990638733 75
1689943045342 0.4539012014865875 76
1689943045348 0.4530039131641388 77
1689943045355 0.45207905769348145 78
1689943045362 0.45115751028060913 79
1689943045370 0.4501922130584717 80
1689943045378 0.4492177963256836 81
1689943045384 0.44828110933303833 82
1689943045390 0.44733941555023193 83
1689943045398 0.4463741183280945 84
1689943045412 0.44536787271499634 85
1689943045418 0.44431430101394653 86
1689943045425 0.4435178339481354 87
1689943045433 0.44242459535598755 88
1689943045441 0.44157925248146057 89
1689943045448 0.44068214297294617 90
1689943045455 0.43969690799713135 91
1689943045461 0.4386352300643921 92
1689943045469 0.43749722838401794 93
1689943045485 0.4363257586956024 94
1689943045492 0.4351837635040283 95
1689943045499 0.4340670108795166 96
1689943045507 0.43296268582344055 97
1689943045514 0.43183571100234985 98
1689943045520 0.4307723939418793 99
1689943045527 0.42968136072158813 100
1689943045535 0.42862075567245483 101
1689943045543 0.4275410771369934 102
1689943045550 0.42643648386001587 103
1689943045556 0.4252377450466156 104
1689943045564 0.42394766211509705 105
1689943045572 0.4226280748844147 106
1689943045588 0.4213472902774811 107
1689943045595 0.42007213830947876 108
1689943045601 0.4188511073589325 109
1689943045608 0.4176871180534363 110
1689943045615 0.41653454303741455 111
1689943045623 0.4153358042240143 112
1689943045630 0.4140702486038208 113
1689943045637 0.41273361444473267 114
1689943045645 0.4113266170024872 115
1689943045652 0.4099048972129822 116
1689943045660 0.4085673391819 117
1689943045674 0.4072016477584839 118
1689943045682 0.40634608268737793 119
1689943045690 0.4045103192329407 120
1689943045699 0.4032612442970276 121
1689943045707 0.40197062492370605 122
1689943045716 0.4005588889122009 123
1689943045725 0.3990301489830017 124
1689943045734 0.3974974751472473 125
1689943045745 0.3961443305015564 126
1689943045767 0.3947296440601349 127
1689943045775 0.39338207244873047 128
1689943045783 0.3919706344604492 129
1689943045791 0.39046090841293335 130
1689943045799 0.3888600468635559 131
1689943045806 0.3873397707939148 132
1689943045814 0.38584840297698975 133
1689943045826 0.38449788093566895 134
1689943045838 0.38317686319351196 135
1689943045856 0.3817332983016968 136
1689943045863 0.3800939917564392 137
1689943045871 0.378376305103302 138
1689943045879 0.37674903869628906 139
1689943045885 0.3755417466163635 140
1689943045893 0.3737298250198364 141
1689943045899 0.37225884199142456 142
1689943045908 0.37070056796073914 143
1689943045922 0.3690398335456848 144
1689943045929 0.3672839403152466 145
1689943045936 0.3656364381313324 146
1689943045945 0.3649486303329468 147
1689943045951 0.3624744713306427 148
1689943045958 0.3609919846057892 149
1689943045965 0.3593290448188782 150
1689943045972 0.3575417399406433 151
1689943045980 0.3564566969871521 152
1689943045995 0.35441428422927856 153
1689943046002 0.3529174327850342 154
1689943046010 0.35121583938598633 155
1689943046017 0.34939712285995483 156
1689943046023 0.3480492830276489 157
1689943046031 0.34627848863601685 158
1689943046038 0.3448333740234375 159
1689943046046 0.3431539237499237 160
1689943046060 0.34128516912460327 161
1689943046067 0.33953857421875 162
1689943046075 0.3380070924758911 163
1689943046082 0.3364453911781311 164
1689943046088 0.33470550179481506 165
1689943046096 0.3328257203102112 166
1689943046102 0.3311452567577362 167
1689943046109 0.329666405916214 168
1689943046125 0.32824259996414185 169
1689943046131 0.326505184173584 170
1689943046138 0.3245593011379242 171
1689943046149 0.3227507174015045 172
1689943046158 0.32116183638572693 173
1689943046165 0.31955352425575256 174
1689943046171 0.31772321462631226 175
1689943046179 0.31579938530921936 176
1689943046194 0.31497180461883545 177
1689943046200 0.3126206398010254 178
1689943046206 0.3111046552658081 179
1689943046213 0.30928197503089905 180
1689943046221 0.3075891435146332 181
1689943046230 0.30604270100593567 182
1689943046236 0.3044528365135193 183
1689943046243 0.3025827407836914 184
1689943046251 0.30098697543144226 185
1689943046266 0.2992933988571167 186
1689943046272 0.2977416515350342 187
1689943046279 0.2959139347076416 188
1689943046286 0.29387199878692627 189
1689943046294 0.29332777857780457 190
1689943046303 0.29064905643463135 191
1689943046310 0.29004788398742676 192
1689943046318 0.28918781876564026 193
1689943046326 0.28776678442955017 194
1689943046340 0.2858288884162903 195
1689943046348 0.2834755778312683 196
1689943046357 0.2809823751449585 197
1689943046364 0.28045719861984253 198
1689943046370 0.2788603901863098 199
1689943046378 0.27629369497299194 200
1689943046384 0.2750290632247925 201
1689943046391 0.27357056736946106 202
1689943046398 0.2717589735984802 203
1689943046412 0.2697797417640686 204
1689943046419 0.2677088677883148 205
1689943046427 0.2676111161708832 206
1689943046434 0.26523667573928833 207
1689943046444 0.26371368765830994 208
1689943046455 0.2629255950450897 209
1689943046467 0.26152026653289795 210
1689943046483 0.2595326006412506 211
1689943046491 0.2570874094963074 212
1689943046498 0.25556379556655884 213
1689943046506 0.25393807888031006 214
1689943046514 0.2523544132709503 215
1689943046521 0.25130224227905273 216
1689943046528 0.24971577525138855 217
1689943046536 0.24770960211753845 218
1689943046544 0.24554343521595 219
1689943046561 0.24420559406280518 220
1689943046568 0.24260154366493225 221
1689943046576 0.24105770885944366 222
1689943046584 0.23973259329795837 223
1689943046590 0.23838691413402557 224
1689943046597 0.23652507364749908 225
1689943046604 0.2355094999074936 226
1689943046612 0.23328012228012085 227
1689943046620 0.23298616707324982 228
1689943046632 0.23214252293109894 229
1689943046641 0.2305992841720581 230
1689943046660 0.22850921750068665 231
1689943046669 0.22621765732765198 232
1689943046678 0.22643187642097473 233
1689943046687 0.22500857710838318 234
1689943046698 0.22187095880508423 235
1689943046707 0.22081543505191803 236
1689943046716 0.21938800811767578 237
1689943046725 0.21750876307487488 238
1689943046735 0.2166513204574585 239
1689943046751 0.2145475149154663 240
1689943046759 0.21414247155189514 241
1689943046766 0.21343779563903809 242
1689943046772 0.21200507879257202 243
1689943046780 0.2098885178565979 244
1689943046787 0.20737694203853607 245
1689943046795 0.20870524644851685 246
1689943046801 0.20767413079738617 247
1689943046808 0.20446574687957764 248
1689943046816 0.20311780273914337 249
1689943046833 0.20298120379447937 250
1689943046839 0.20201486349105835 251
1689943046846 0.20028510689735413 252
1689943046852 0.19796068966388702 253
1689943046860 0.19535744190216064 254
1689943046868 0.19652599096298218 255
1689943046878 0.1959526240825653 256
1689943046886 0.19312432408332825 257
1689943046895 0.19089528918266296 258
1689943046905 0.19074317812919617 259
1689943046915 0.18979857861995697 260
1689943046933 0.18805107474327087 261
1689943046941 0.18570098280906677 262
1689943046949 0.1843307465314865 263
1689943046956 0.18338046967983246 264
1689943046963 0.1810903400182724 265
1689943046972 0.1800805628299713 266
1689943046988 0.17857249081134796 267
1689943046997 0.1777443289756775 268
1689943047007 0.1758490800857544 269
1689943047023 0.17457714676856995 270
1689943047030 0.17426712810993195 271
1689943047036 0.17320460081100464 272
1689943047044 0.1713952124118805 273
1689943047051 0.17043477296829224 274
1689943047060 0.16891887784004211 275
1689943047067 0.16798684000968933 276
1689943047073 0.16725066304206848 277
1689943047091 0.16570281982421875 278
1689943047097 0.16351182758808136 279
1689943047103 0.16473200917243958 280
1689943047115 0.16368737816810608 281
1689943047122 0.16051284968852997 282
1689943047130 0.16078035533428192 283
1689943047136 0.16097916662693024 284
1689943047144 0.1601274013519287 285
1689943047151 0.1583411991596222 286
1689943047159 0.15579336881637573 287
1689943047165 0.1531601995229721 288
1689943047171 0.15273836255073547 289
1689943047188 0.1509891152381897 290
1689943047195 0.14996972680091858 291
1689943047202 0.14895634353160858 292
1689943047209 0.1478172093629837 293
1689943047217 0.14654219150543213 294
1689943047225 0.14589455723762512 295
1689943047232 0.14406897127628326 296
1689943047240 0.14333420991897583 297
1689943047247 0.14243963360786438 298
1689943047255 0.14138208329677582 299
