1689932331981 0.5235489010810852 0
1689932332023 0.46088606119155884 1
1689932332064 0.42954355478286743 2
1689932332106 0.3977101743221283 3
1689932332146 0.37435969710350037 4
1689932332184 0.3517882525920868 5
1689932332224 0.33492764830589294 6
1689932332262 0.3193500339984894 7
1689932332302 0.3069497346878052 8
1689932332341 0.2969054877758026 9
1689932332380 0.28864410519599915 10
1689932332419 0.2808920443058014 11
1689932332458 0.27505430579185486 12
1689932332497 0.26963984966278076 13
1689932332537 0.2656654715538025 14
1689932332575 0.2617834508419037 15
1689932332615 0.2587624192237854 16
1689932332652 0.2566722631454468 17
1689932332703 0.2537021040916443 18
1689932332745 0.25209659337997437 19
1689932332784 0.25159668922424316 20
1689932332823 0.2484632134437561 21
1689932332861 0.2463795393705368 22
1689932332899 0.2453715056180954 23
1689932332937 0.24443525075912476 24
1689932332976 0.24368691444396973 25
1689932333021 0.24169865250587463 26
1689932333067 0.24295975267887115 27
1689932333129 0.24029399454593658 28
1689932333167 0.24083422124385834 29
1689932333208 0.24102343618869781 30
1689932333247 0.2388225495815277 31
1689932333284 0.23925286531448364 32
1689932333322 0.23805569112300873 33
1689932333361 0.23789383471012115 34
1689932333399 0.23728713393211365 35
1689932333438 0.23704376816749573 36
1689932333476 0.23717744648456573 37
1689932333515 0.2365592122077942 38
1689932333551 0.23638200759887695 39
1689932333589 0.23588967323303223 40
1689932333628 0.23578979074954987 41
1689932333668 0.2355155646800995 42
1689932333706 0.23527677357196808 43
1689932333744 0.23547182977199554 44
