1689697719371 787967115264.0 0
1689697725919 0.5204942226409912 1
1689697732501 0.20070137083530426 2
1689697739117 0.046222031116485596 3
1689697745718 0.0351535826921463 4
1689697752275 0.026816967874765396 5
1689697758839 0.01635156385600567 6
1689697765433 0.012539716437458992 7
1689697772042 0.011055871844291687 8
1689697778636 0.010718505829572678 9
1689697785229 0.010660925880074501 10
1689697791828 0.010669616982340813 11
1689697798443 0.010508105158805847 12
1689697805023 0.010426304303109646 13
1689697811623 0.01040108036249876 14
1689697818226 0.01035145204514265 15
1689697824828 0.010330667719244957 16
1689697831424 0.01021618489176035 17
1689697838034 0.010198722593486309 18
1689697844591 0.010303555987775326 19
1689697863928 155068272.0 0
1689697870800 3.9151697158813477 1
1689697877677 0.4403432607650757 2
1689697884515 0.39623787999153137 3
1689697891378 0.35386866331100464 4
1689697898275 2.344290256500244 5
1689697905175 0.28050434589385986 6
1689697912053 0.24572966992855072 7
1689697918930 0.21341738104820251 8
1689697925797 0.1841716468334198 9
1689697932646 0.17284418642520905 10
1689697939539 0.14433465898036957 11
1689697946518 0.12717264890670776 12
1689697953446 0.11154688894748688 13
1689697960375 0.09703098237514496 14
1689697967273 0.08361772447824478 15
1689697974166 0.07158367335796356 16
1689697980983 0.0607609897851944 17
1689697987950 0.05135790631175041 18
1689697994834 0.04327276349067688 19
1689698015392 387.6821594238281 0
1689698022799 2147793.5 1
1689698030211 10.123048782348633 2
1689698037555 0.4390902519226074 3
1689698044823 0.3504832983016968 4
1689698052080 3392053.25 5
1689698059303 51.62592697143555 6
1689698066540 0.9139453768730164 7
1689698073794 0.8741978406906128 8
1689698081021 0.8385646939277649 9
1689698088252 0.8056010007858276 10
1689698095488 1.7775169610977173 11
1689698102691 0.7142174243927002 12
1689698109889 0.5319496989250183 13
1689698117114 0.2947365939617157 14
1689698124365 0.28453946113586426 15
1689698131589 0.27807021141052246 16
1689698138883 0.2740424573421478 17
1689698146143 0.2705731689929962 18
1689698153439 nan 19
