1689947274667 0.46875518560409546 0
1689947274718 0.41526538133621216 1
1689947274761 0.3575390577316284 2
1689947274808 0.3086797595024109 3
1689947274854 0.2745468020439148 4
1689947274896 0.2531508207321167 5
1689947274941 0.2400897592306137 6
1689947274988 0.2322881668806076 7
1689947275033 0.22672966122627258 8
1689947275078 0.22310315072536469 9
1689947275123 0.22016385197639465 10
1689947275168 0.21734292805194855 11
1689947275210 0.21487444639205933 12
1689947275256 0.2125946283340454 13
1689947275303 0.21071107685565948 14
1689947275351 0.2085023820400238 15
1689947275396 0.20667792856693268 16
1689947275442 0.20344828069210052 17
1689947275483 0.20153473317623138 18
1689947275527 0.19843362271785736 19
1689947275570 0.19564250111579895 20
1689947275615 0.19295239448547363 21
1689947275659 0.18976736068725586 22
1689947275703 0.18676701188087463 23
1689947275748 0.1829003244638443 24
1689947275791 0.17905960977077484 25
1689947275839 0.17495368421077728 26
1689947275887 0.17159554362297058 27
1689947275932 0.168487086892128 28
1689947275974 0.16667942702770233 29
1689947276016 0.1655328869819641 30
1689947276059 0.16454926133155823 31
1689947276102 0.16288334131240845 32
1689947276144 0.16160909831523895 33
1689947276187 0.16122134029865265 34
1689947276227 0.16077525913715363 35
1689947276272 0.1596580594778061 36
1689947276318 0.15943223237991333 37
1689947276364 0.1592313051223755 38
1689947276410 0.15894466638565063 39
1689947276454 0.15832321345806122 40
1689947276497 0.15852463245391846 41
1689947276539 0.1576777994632721 42
1689947276583 0.15753450989723206 43
1689947276627 0.1573948711156845 44
1689947276673 0.1566738784313202 45
1689947276718 0.156936377286911 46
1689947276762 0.1564652919769287 47
1689947276805 0.15624171495437622 48
1689947276847 0.15557831525802612 49
1689947276890 0.15629367530345917 50
1689947276946 0.15563879907131195 51
1689947276991 0.15472154319286346 52
1689947277036 0.1554154008626938 53
1689947277080 0.1547490656375885 54
1689947277122 0.1550419181585312 55
1689947277165 0.15433089435100555 56
1689947277206 0.15481261909008026 57
1689947277250 0.1544056385755539 58
1689947277294 0.15524418652057648 59
1689947277336 0.15526321530342102 60
1689947277379 0.1537460833787918 61
1689947277422 0.15419761836528778 62
1689947277464 0.15312111377716064 63
1689947277507 0.15317150950431824 64
1689947277553 0.153215229511261 65
1689947277599 0.15298035740852356 66
1689947277644 0.15253345668315887 67
1689947277692 0.15266360342502594 68
1689947277734 0.15254360437393188 69
1689947277777 0.15237435698509216 70
1689947277820 0.15241378545761108 71
1689947277864 0.15205109119415283 72
1689947277907 0.15240195393562317 73
1689947277950 0.15217776596546173 74
1689947277992 0.15144149959087372 75
1689947278036 0.15165799856185913 76
1689947278081 0.15111002326011658 77
1689947278123 0.15185901522636414 78
1689947278168 0.15108707547187805 79
1689947278209 0.15086351335048676 80
1689947278274 0.15087559819221497 81
1689947278318 0.15117232501506805 82
1689947278363 0.15030507743358612 83
1689947278405 0.15021465718746185 84
1689947278448 0.15012557804584503 85
1689947278491 0.1500508338212967 86
1689947278534 0.15003670752048492 87
1689947278578 0.1498769372701645 88
1689947278621 0.1494290679693222 89
1689947278666 0.1491384208202362 90
1689947278709 0.14884550869464874 91
1689947278752 0.14955668151378632 92
1689947278809 0.14896835386753082 93
1689947278853 0.14869731664657593 94
1689947278899 0.14870619773864746 95
1689947278940 0.14795415103435516 96
1689947278984 0.14814960956573486 97
1689947279025 0.1478392332792282 98
1689947279069 0.14763973653316498 99
1689947279114 0.14730331301689148 100
1689947279155 0.14693443477153778 101
1689947279199 0.1466786414384842 102
1689947279241 0.14688408374786377 103
1689947279285 0.14617593586444855 104
1689947279328 0.14690589904785156 105
1689947279371 0.14598071575164795 106
1689947279417 0.14543017745018005 107
1689947279461 0.14561153948307037 108
1689947279506 0.14484849572181702 109
1689947279550 0.14473046362400055 110
1689947279601 0.144802987575531 111
1689947279643 0.1439739614725113 112
1689947279691 0.14373993873596191 113
1689947279733 0.14328911900520325 114
1689947279776 0.14289423823356628 115
1689947279819 0.14264985918998718 116
1689947279862 0.14205394685268402 117
1689947279904 0.141720712184906 118
1689947279948 0.1420353800058365 119
1689947279992 0.1415327936410904 120
1689947280038 0.14119215309619904 121
1689947280083 0.14111566543579102 122
1689947280125 0.14043258130550385 123
1689947280169 0.1399478316307068 124
1689947280211 0.1400635838508606 125
1689947280254 0.13940094411373138 126
1689947280298 0.13921470940113068 127
1689947280341 0.13880835473537445 128
1689947280386 0.13917005062103271 129
1689947280430 0.13800565898418427 130
1689947280470 0.13748064637184143 131
1689947280516 0.13696317374706268 132
1689947280559 0.13646632432937622 133
1689947280604 0.13641509413719177 134
1689947280648 0.13543938100337982 135
1689947280694 0.136845201253891 136
1689947280738 0.1354551464319229 137
1689947280781 0.13479751348495483 138
1689947280824 0.13390879333019257 139
1689947280872 0.13400179147720337 140
1689947280916 0.13267213106155396 141
1689947280957 0.13239526748657227 142
1689947281002 0.13177993893623352 143
1689947281046 0.1311521828174591 144
1689947281093 0.1307171881198883 145
1689947281137 0.13026340305805206 146
1689947281184 0.12923221290111542 147
1689947281224 0.12920598685741425 148
1689947281268 0.12812961637973785 149
1689947281311 0.12723563611507416 150
1689947281405 0.1264333426952362 151
1689947281451 0.12593674659729004 152
1689947281499 0.1254112869501114 153
1689947281542 0.12450040876865387 154
1689947281586 0.12399382144212723 155
1689947281631 0.1232958436012268 156
1689947281675 0.12163259834051132 157
1689947281725 0.12094991654157639 158
1689947281766 0.12008706480264664 159
1689947281810 0.11999677866697311 160
1689947281853 0.11826180666685104 161
1689947281896 0.1177164688706398 162
1689947281939 0.11682695150375366 163
1689947281981 0.116250179708004 164
1689947282024 0.11558345705270767 165
1689947282068 0.11453791707754135 166
1689947282111 0.1139749214053154 167
1689947282155 0.11327660083770752 168
1689947282199 0.11297422647476196 169
1689947282240 0.11242348700761795 170
1689947282284 0.11175642162561417 171
1689947282330 0.11152565479278564 172
1689947282373 0.10995037853717804 173
1689947282417 0.10983579605817795 174
1689947282459 0.10919839888811111 175
1689947282501 0.1080179363489151 176
1689947282544 0.10799793899059296 177
1689947282588 0.10775260627269745 178
1689947282633 0.10754337906837463 179
1689947282680 0.10718782246112823 180
1689947282724 0.10679904371500015 181
1689947282768 0.10540049523115158 182
1689947282811 0.10583487898111343 183
1689947282856 0.10469814389944077 184
1689947282900 0.10486050695180893 185
1689947282942 0.10481350123882294 186
1689947282985 0.10436759889125824 187
1689947283029 0.10360871255397797 188
1689947283072 0.10292107611894608 189
1689947283117 0.10245009511709213 190
1689947283161 0.10217892378568649 191
1689947283217 0.10221599787473679 192
1689947283291 0.10130588710308075 193
1689947283341 0.10129321366548538 194
1689947283387 0.10096751153469086 195
1689947283435 0.10096365213394165 196
1689947283477 0.10077333450317383 197
1689947283522 0.10067886859178543 198
1689947283566 0.10023972392082214 199
1689947283608 0.09883029758930206 200
1689947283653 0.09940940886735916 201
1689947283701 0.09966176748275757 202
1689947283744 0.09783099591732025 203
1689947283789 0.09815353900194168 204
1689947283832 0.09723051637411118 205
1689947283875 0.09713274985551834 206
1689947283919 0.09742380678653717 207
1689947283969 0.0971393883228302 208
1689947284027 0.09617356210947037 209
1689947284071 0.0957484245300293 210
1689947284114 0.09531234204769135 211
1689947284159 0.09549357742071152 212
1689947284198 0.09756460785865784 213
1689947284241 0.09609971940517426 214
1689947284284 0.09441371262073517 215
1689947284327 0.09382246434688568 216
1689947284373 0.09357377141714096 217
1689947284417 0.09324397891759872 218
1689947284458 0.0928288996219635 219
1689947284507 0.09310051053762436 220
1689947284568 0.09330756217241287 221
1689947284613 0.09251459687948227 222
1689947284661 0.09179828315973282 223
1689947284710 0.09120117872953415 224
1689947284754 0.09121689200401306 225
1689947284795 0.09075996279716492 226
1689947284838 0.08998388797044754 227
1689947284883 0.08986194431781769 228
1689947284926 0.08958042412996292 229
1689947284970 0.0894477367401123 230
1689947285012 0.08947299420833588 231
1689947285055 0.0889308750629425 232
1689947285098 0.08791553229093552 233
1689947285141 0.0877247229218483 234
1689947285185 0.08715447038412094 235
1689947285228 0.08791905641555786 236
1689947285271 0.0869520753622055 237
1689947285313 0.08686558157205582 238
1689947285355 0.0867510586977005 239
1689947285399 0.08821563422679901 240
1689947285442 0.0863204374909401 241
1689947285485 0.08508516848087311 242
1689947285527 0.08489778637886047 243
1689947285572 0.0840902328491211 244
1689947285616 0.08601154386997223 245
1689947285660 0.08563576638698578 246
1689947285706 0.08365803211927414 247
1689947285747 0.08331124484539032 248
1689947285790 0.08371277898550034 249
1689947285834 0.08273612707853317 250
1689947285877 0.08174378424882889 251
1689947285920 0.08210113644599915 252
1689947285976 0.0817381888628006 253
1689947286018 0.08123543113470078 254
1689947286060 0.08202721178531647 255
1689947286103 0.08116837590932846 256
1689947286146 0.07994309812784195 257
1689947286189 0.0797194316983223 258
1689947286233 0.07953055948019028 259
1689947286300 0.08034646511077881 260
1689947286346 0.08018052577972412 261
1689947286389 0.0784982219338417 262
1689947286431 0.07779218256473541 263
1689947286474 0.07811011373996735 264
1689947286519 0.07857014983892441 265
1689947286562 0.07822636514902115 266
1689947286604 0.07777557522058487 267
1689947286650 0.0762476772069931 268
1689947286698 0.07623965293169022 269
1689947286739 0.07610300183296204 270
1689947286784 0.07635366171598434 271
1689947286826 0.0751318410038948 272
1689947286870 0.07413871586322784 273
1689947286913 0.07392493635416031 274
1689947286956 0.07360538840293884 275
1689947286997 0.07313381135463715 276
1689947287040 0.07288267463445663 277
1689947287084 0.07265881448984146 278
1689947287126 0.072701096534729 279
1689947287169 0.07252249866724014 280
1689947287214 0.07114940881729126 281
1689947287265 0.07194837927818298 282
1689947287308 0.07230772078037262 283
1689947287352 0.06964647769927979 284
1689947287396 0.07043217867612839 285
1689947287439 0.06985458731651306 286
1689947287481 0.0689779669046402 287
1689947287524 0.06860169023275375 288
1689947287567 0.06809383630752563 289
1689947287611 0.06868669390678406 290
1689947287655 0.06768064945936203 291
1689947287702 0.0671149417757988 292
1689947287746 0.06621670722961426 293
1689947287787 0.06590933352708817 294
1689947287829 0.06617406755685806 295
1689947287872 0.0661996379494667 296
1689947287916 0.06531807780265808 297
1689947287958 0.06519713252782822 298
1689947288000 0.06447503715753555 299
