1689780961630 0.10130372643470764 0
1689780969606 0.018940791487693787 1
1689780977632 0.0181022509932518 2
1689780985570 0.017436908558011055 3
1689780993617 0.016821270808577538 4
1689781001567 0.016263211145997047 5
1689781009657 0.015842711552977562 6
1689781017637 0.015509156510233879 7
1689781025486 0.015139095485210419 8
1689781033313 0.014838239178061485 9
1689781041187 0.014578347094357014 10
1689781049054 0.01436637993901968 11
1689781056911 0.014154377393424511 12
1689781064809 0.013956195674836636 13
1689781072720 0.013741443865001202 14
1689781080546 0.013511945493519306 15
1689781088306 0.01329193077981472 16
1689781096067 0.013094515539705753 17
1689781103846 0.01287918072193861 18
1689781111677 0.012673970311880112 19
