1689779755214 0.11319984495639801 0
1689779765309 0.01760070025920868 1
1689779775385 0.016947193071246147 2
1689779785424 0.01636349782347679 3
1689779795506 0.01586940698325634 4
1689779805586 0.0154951773583889 5
1689779815681 0.015185387805104256 6
1689779825768 0.014898574911057949 7
1689779835870 0.01466795802116394 8
1689779845920 0.014400496147572994 9
1689779855958 0.014175859279930592 10
1689779866102 0.01399917434900999 11
1689779876205 0.013756589032709599 12
1689779886297 0.013575488701462746 13
1689779896422 0.01340231578797102 14
1689779906550 0.013206163421273232 15
1689779916680 0.013033575378358364 16
1689779926778 0.012841420248150826 17
1689779936873 0.0126500204205513 18
1689779946952 0.012460639700293541 19
