1690042703547 0.5094708204269409 0
1690042703558 0.5056475400924683 1
1690042703565 0.5031661987304688 2
1690042703572 0.5026477575302124 3
1690042703578 0.5020742416381836 4
1690042703586 0.5014750957489014 5
1690042703593 0.5008494853973389 6
1690042703606 0.5001975297927856 7
1690042703612 0.49952539801597595 8
1690042703620 0.498836487531662 9
1690042703627 0.4981648027896881 10
1690042703634 0.4975101947784424 11
1690042703642 0.4968740940093994 12
1690042703650 0.496236652135849 13
1690042703662 0.4955909252166748 14
1690042703669 0.49493682384490967 15
1690042703678 0.49427467584609985 16
1690042703686 0.4936051368713379 17
1690042703695 0.4929286539554596 18
1690042703702 0.49224814772605896 19
1690042703709 0.4915684163570404 20
1690042703726 0.49089720845222473 21
1690042703733 0.4902304410934448 22
1690042703741 0.48957595229148865 23
1690042703750 0.48893728852272034 24
1690042703757 0.48829934000968933 25
1690042703764 0.48765048384666443 26
1690042703771 0.487010657787323 27
1690042703778 0.4863385856151581 28
1690042703785 0.48567360639572144 29
1690042703792 0.4849890172481537 30
1690042703803 0.48429420590400696 31
1690042703824 0.48361480236053467 32
1690042703832 0.48293864727020264 33
1690042703838 0.48226094245910645 34
1690042703846 0.48160457611083984 35
1690042703854 0.48091891407966614 36
1690042703861 0.4802210032939911 37
1690042703868 0.47952160239219666 38
1690042703874 0.4788230359554291 39
1690042703881 0.47814905643463135 40
1690042703888 0.4774579405784607 41
1690042703896 0.47675013542175293 42
1690042703903 0.47602638602256775 43
1690042703911 0.47529035806655884 44
1690042703927 0.4745704233646393 45
1690042703934 0.4738181531429291 46
1690042703940 0.47305741906166077 47
1690042703946 0.4722909927368164 48
1690042703952 0.47150665521621704 49
1690042703959 0.47073477506637573 50
1690042703966 0.4699859023094177 51
1690042703972 0.46922704577445984 52
1690042703978 0.46843451261520386 53
1690042703985 0.46764445304870605 54
1690042703992 0.4668370485305786 55
1690042703999 0.46605098247528076 56
1690042704015 0.46523618698120117 57
1690042704021 0.4643869400024414 58
1690042704028 0.4635049104690552 59
1690042704035 0.46263906359672546 60
1690042704042 0.4617663621902466 61
1690042704048 0.46088501811027527 62
1690042704055 0.4602102041244507 63
1690042704061 0.4593154191970825 64
1690042704068 0.45856550335884094 65
1690042704075 0.45770537853240967 66
1690042704081 0.45676475763320923 67
1690042704101 0.45581376552581787 68
1690042704109 0.4548491835594177 69
1690042704116 0.45387518405914307 70
1690042704123 0.4529130160808563 71
1690042704131 0.4519152045249939 72
1690042704138 0.4509252607822418 73
1690042704145 0.4499284029006958 74
1690042704153 0.44889846444129944 75
1690042704160 0.4478476643562317 76
1690042704166 0.4467679262161255 77
1690042704173 0.4456922113895416 78
1690042704181 0.44458508491516113 79
1690042704187 0.4434664845466614 80
1690042704203 0.44233375787734985 81
1690042704210 0.44156914949417114 82
1690042704217 0.440277099609375 83
1690042704224 0.4392635226249695 84
1690042704230 0.4381292760372162 85
1690042704238 0.43695592880249023 86
1690042704246 0.43573489785194397 87
1690042704252 0.4345170855522156 88
1690042704260 0.43327805399894714 89
1690042704268 0.4320594072341919 90
1690042704275 0.43081364035606384 91
1690042704282 0.4295383393764496 92
1690042704302 0.4282344579696655 93
1690042704312 0.4270591735839844 94
1690042704321 0.42573967576026917 95
1690042704327 0.42454004287719727 96
1690042704336 0.42328712344169617 97
1690042704344 0.42198076844215393 98
1690042704351 0.4206302762031555 99
1690042704357 0.4192323088645935 100
1690042704364 0.4177885055541992 101
1690042704371 0.416323184967041 102
1690042704384 0.4148866534233093 103
1690042704391 0.41344571113586426 104
1690042704399 0.41193893551826477 105
1690042704406 0.41042211651802063 106
1690042704412 0.40923643112182617 107
1690042704421 0.4076336622238159 108
1690042704427 0.40628716349601746 109
1690042704434 0.4048556685447693 110
1690042704441 0.40330177545547485 111
1690042704454 0.4016556739807129 112
1690042704461 0.400015652179718 113
1690042704468 0.39835861325263977 114
1690042704475 0.39669570326805115 115
1690042704482 0.39565449953079224 116
1690042704490 0.3936190605163574 117
1690042704497 0.3921324610710144 118
1690042704513 0.3905385732650757 119
1690042704521 0.38881585001945496 120
1690042704528 0.3870463967323303 121
1690042704534 0.3852517306804657 122
1690042704541 0.3834676742553711 123
1690042704548 0.38181552290916443 124
1690042704556 0.38027289509773254 125
1690042704562 0.3787112832069397 126
1690042704569 0.3769737780094147 127
1690042704576 0.37509816884994507 128
1690042704591 0.37313610315322876 129
1690042704597 0.37127387523651123 130
1690042704604 0.3694261610507965 131
1690042704611 0.36808574199676514 132
1690042704618 0.36596065759658813 133
1690042704625 0.3642014265060425 134
1690042704631 0.362318217754364 135
1690042704638 0.36043405532836914 136
1690042704648 0.35851120948791504 137
1690042704665 0.3564847707748413 138
1690042704674 0.354403018951416 139
1690042704680 0.3534897565841675 140
1690042704687 0.3506910800933838 141
1690042704694 0.34949150681495667 142
1690042704701 0.3481377065181732 143
1690042704709 0.3464926481246948 144
1690042704716 0.34455549716949463 145
1690042704723 0.3424031734466553 146
1690042704732 0.340153306722641 147
1690042704739 0.3379238545894623 148
1690042704746 0.3358043134212494 149
1690042704760 0.3336947560310364 150
1690042704767 0.33247366547584534 151
1690042704774 0.3297298550605774 152
1690042704781 0.3277759850025177 153
1690042704788 0.3257349133491516 154
1690042704799 0.32358038425445557 155
1690042704809 0.32152000069618225 156
1690042704819 0.31968316435813904 157
1690042704825 0.31788766384124756 158
1690042704841 0.31589990854263306 159
1690042704849 0.3136984705924988 160
1690042704856 0.3113894462585449 161
1690042704862 0.3093390166759491 162
1690042704869 0.3071051836013794 163
1690042704876 0.30504775047302246 164
1690042704883 0.30293476581573486 165
1690042704890 0.3013588786125183 166
1690042704898 0.29959559440612793 167
1690042704907 0.2975373864173889 168
1690042704921 0.29520007967948914 169
1690042704927 0.2927663326263428 170
1690042704935 0.29185518622398376 171
1690042704941 0.2891130745410919 172
1690042704947 0.2873883545398712 173
1690042704953 0.28594714403152466 174
1690042704960 0.2841149866580963 175
1690042704967 0.2819873094558716 176
1690042704973 0.2795336842536926 177
1690042704980 0.2769581377506256 178
1690042704993 0.2745906114578247 179
1690042705000 0.2726215720176697 180
1690042705007 0.2705613672733307 181
1690042705013 0.2687940001487732 182
1690042705021 0.26667869091033936 183
1690042705029 0.26487618684768677 184
1690042705036 0.26282188296318054 185
1690042705042 0.2605394124984741 186
1690042705050 0.258226603269577 187
1690042705064 0.25640690326690674 188
1690042705073 0.25435513257980347 189
1690042705082 0.25255057215690613 190
1690042705089 0.2506374716758728 191
1690042705096 0.248808354139328 192
1690042705104 0.24656932055950165 193
1690042705112 0.24477607011795044 194
1690042705118 0.24252653121948242 195
1690042705133 0.2405557483434677 196
1690042705139 0.23871147632598877 197
1690042705146 0.23698702454566956 198
1690042705154 0.23517946898937225 199
1690042705160 0.23293673992156982 200
1690042705168 0.23153534531593323 201
1690042705174 0.22901085019111633 202
1690042705181 0.2271222621202469 203
1690042705188 0.2257920801639557 204
1690042705202 0.2235960066318512 205
1690042705207 0.22180022299289703 206
1690042705214 0.21959422528743744 207
1690042705221 0.21902263164520264 208
1690042705228 0.2163122594356537 209
1690042705240 0.2153470516204834 210
1690042705249 0.21433821320533752 211
1690042705267 0.21258142590522766 212
1690042705274 0.21018320322036743 213
1690042705282 0.2074601948261261 214
1690042705290 0.20721906423568726 215
1690042705297 0.20568940043449402 216
1690042705304 0.2020145207643509 217
1690042705311 0.2018800526857376 218
1690042705318 0.20143762230873108 219
1690042705325 0.20016545057296753 220
1690042705332 0.19820338487625122 221
1690042705339 0.19566494226455688 222
1690042705353 0.19276142120361328 223
1690042705361 0.1909240484237671 224
1690042705368 0.18987414240837097 225
1690042705376 0.18715114891529083 226
1690042705388 0.1857810765504837 227
1690042705397 0.1839098334312439 228
1690042705406 0.1825747936964035 229
1690042705415 0.18041114509105682 230
1690042705428 0.1787213683128357 231
1690042705435 0.17796026170253754 232
1690042705441 0.17546015977859497 233
1690042705448 0.17414219677448273 234
1690042705456 0.17311127483844757 235
1690042705463 0.17163893580436707 236
1690042705470 0.16942234337329865 237
1690042705477 0.16936925053596497 238
1690042705490 0.167654886841774 239
1690042705495 0.16515430808067322 240
1690042705502 0.16414353251457214 241
1690042705509 0.16233807802200317 242
1690042705516 0.16077058017253876 243
1690042705523 0.15878647565841675 244
1690042705531 0.15783467888832092 245
1690042705537 0.15638206899166107 246
1690042705551 0.15502296388149261 247
1690042705558 0.15295696258544922 248
1690042705566 0.15354928374290466 249
1690042705573 0.1518963873386383 250
1690042705579 0.14910224080085754 251
1690042705587 0.14825238287448883 252
1690042705595 0.14655564725399017 253
1690042705603 0.1454894095659256 254
1690042705618 0.14357176423072815 255
1690042705625 0.14334285259246826 256
1690042705632 0.14254915714263916 257
1690042705639 0.14073489606380463 258
1690042705646 0.1381995677947998 259
1690042705653 0.13930228352546692 260
1690042705660 0.13852660357952118 261
1690042705667 0.13559743762016296 262
1690042705683 0.13421300053596497 263
1690042705692 0.13416947424411774 264
1690042705699 0.13312268257141113 265
1690042705707 0.1311989724636078 266
1690042705716 0.12865741550922394 267
1690042705723 0.12869594991207123 268
1690042705736 0.12816143035888672 269
1690042705743 0.12536007165908813 270
1690042705750 0.12479875236749649 271
1690042705757 0.12482798099517822 272
1690042705764 0.12377248704433441 273
1690042705772 0.12165386974811554 274
1690042705785 0.118959441781044 275
1690042705792 0.1201464906334877 276
1690042705799 0.11997653543949127 277
1690042705806 0.11762458831071854 278
1690042705813 0.11472934484481812 279
1690042705820 0.1146952360868454 280
1690042705827 0.11365203559398651 281
1690042705840 0.11166156828403473 282
1690042705846 0.11111679673194885 283
1690042705854 0.11027754843235016 284
1690042705860 0.10769209265708923 285
1690042705867 0.10681483894586563 286
1690042705874 0.10614290833473206 287
1690042705879 0.10464330017566681 288
1690042705886 0.10353094339370728 289
1690042705899 0.10330258309841156 290
1690042705906 0.10224693268537521 291
1690042705913 0.10076749324798584 292
1690042705920 0.0997861698269844 293
1690042705927 0.0988181009888649 294
1690042705934 0.09836563467979431 295
1690042705941 0.09734874218702316 296
1690042705957 0.09597330540418625 297
1690042705966 0.09507504105567932 298
1690042705974 0.09393495321273804 299
