1689779234616 0.10597283393144608 0
1689779241876 0.01878514513373375 1
1689779249171 0.017904985696077347 2
1689779256237 0.017180366441607475 3
1689779263398 0.01669386401772499 4
1689779270476 0.01626332849264145 5
1689779277533 0.01591985486447811 6
1689779284580 0.015582163818180561 7
1689779291628 0.01530825812369585 8
1689779298662 0.015062499791383743 9
1689779305647 0.014797685667872429 10
1689779312689 0.014585988596081734 11
1689779319879 0.014384246431291103 12
1689779326924 0.014182914979755878 13
1689779333984 0.013981372117996216 14
1689779341053 0.013805360533297062 15
1689779348112 0.013680065050721169 16
1689779355155 0.013499707914888859 17
1689779362143 0.013377000577747822 18
1689779369086 0.013241097331047058 19
