1689932248615 0.4747161865234375 0
1689932248655 0.44207262992858887 1
1689932248695 0.40319356322288513 2
1689932248733 0.35799258947372437 3
1689932248771 0.3104560375213623 4
1689932248811 0.2689109742641449 5
1689932248851 0.24033911526203156 6
1689932248889 0.22110317647457123 7
1689932248926 0.20717602968215942 8
1689932248966 0.197309210896492 9
1689932249005 0.1884559988975525 10
1689932249045 0.18142278492450714 11
1689932249085 0.17530056834220886 12
1689932249124 0.1699264943599701 13
1689932249164 0.16548386216163635 14
1689932249203 0.162091925740242 15
1689932249246 0.1593131572008133 16
1689932249284 0.1563427895307541 17
1689932249323 0.15416043996810913 18
1689932249361 0.15187601745128632 19
1689932249399 0.15068355202674866 20
1689932249438 0.14831651747226715 21
1689932249479 0.14694878458976746 22
1689932249520 0.14599190652370453 23
1689932249561 0.14419494569301605 24
1689932249600 0.14324790239334106 25
1689932249639 0.14225736260414124 26
1689932249678 0.1410571038722992 27
1689932249716 0.14008677005767822 28
1689932249754 0.13903605937957764 29
