1689782235283 0.09719456732273102 0
1689782242943 0.018326783552765846 1
1689782250588 0.017130473628640175 2
1689782258239 0.01635345071554184 3
1689782265874 0.015708530321717262 4
1689782273540 0.015153054147958755 5
1689782281266 0.014689933508634567 6
1689782288969 0.014302202500402927 7
1689782296673 0.013912948779761791 8
1689782304420 0.013445625081658363 9
1689782312138 0.013164486736059189 10
1689782319986 0.012867804616689682 11
1689782327746 0.012657325714826584 12
1689782335551 0.012417923659086227 13
1689782343489 0.01228426955640316 14
1689782351137 0.012134453281760216 15
1689782358806 0.012104341760277748 16
1689782366513 0.012005691416561604 17
1689782374285 0.011918834410607815 18
1689782382172 0.011839133687317371 19
